#     MHz     SWR(LG1.Zin)  SWR(G.Zin)  Real(G.Zin)/50 Imag(G.Zin)/50
100.000           41.4233      9.41994     0.235636     -1.09049
100.400           40.1824      9.33241     0.184986    -0.843784
100.801           38.9805      9.23869     0.153953    -0.644431
101.201           37.8119      9.13972     0.134484    -0.475162
101.602           36.6795      9.03720     0.122518    -0.325212
102.002           35.5568      8.93118     0.115944    -0.187228
102.402           34.4907      8.82627     0.113654   -0.0556830
102.803           33.4345      8.72112     0.115300    0.0739819
103.203           32.4078      8.61839     0.121031     0.206123
103.604           31.4359      8.52106     0.131575     0.345380
104.004           30.4732      8.42670     0.148556     0.497392
104.404           29.5375      8.33699     0.174913     0.669803
104.805           28.6130      8.25070     0.216228     0.873776
105.205           27.7360      8.17048     0.283483      1.12717
105.606           26.8845      8.09398     0.400839      1.46056
106.006           26.0393      8.01855     0.628429      1.92939
106.406           25.2228      7.94509      1.14484      2.63235
106.807           24.4472      7.87373      2.60536      3.61343
107.207           23.6785      7.79988      6.72189      2.66607
107.608           22.9214      7.72270      5.63601     -3.38975
108.008           22.1986      7.64372      2.17257     -3.34226
108.408           21.5007      7.56120      1.03085     -2.42243
108.809           20.8107      7.47259     0.601141     -1.79197
109.209           20.1515      7.38055     0.402362     -1.36465
109.610           19.5218      7.28528     0.296781     -1.05584
110.010           19.0746      7.20933     0.235567    -0.821866
110.410           18.4660      7.10495     0.197493    -0.626079
110.811           17.8752      6.99781     0.173756    -0.458857
111.211           17.2938      6.88767     0.159474    -0.310043
111.612           16.7324      6.77722     0.152048    -0.172571
112.012           16.1958      6.66842     0.150219   -0.0410420
112.412           15.6669      6.55947     0.153689    0.0890513
112.813           15.1488      6.45159     0.162836     0.221983
113.213           14.6536      6.34756     0.178840     0.362471
113.614           14.1724      6.24620     0.204191     0.516154
114.014           13.7011      6.14687     0.243451     0.690508
114.414           13.2452      6.05054     0.305130     0.896397
114.815           12.8040      5.95683     0.406173      1.15009
115.215           12.3756      5.86492     0.583350      1.47664
115.616           11.9616      5.77462     0.925234      1.90972
116.016           11.5567      5.68413      1.66862      2.44825
116.416           11.1686      5.59461      3.38202      2.66224
116.817           10.7882      5.50336      5.47216     0.406341
117.217           10.4195      5.41083      3.85618     -2.38908
117.618           10.0641      5.31715      1.95884     -2.43861
118.018           9.71622      5.22053      1.10008     -1.93483
118.418           9.38232      5.12282     0.705296     -1.50111
118.819           9.05719      5.02273     0.501967     -1.17013
119.219           8.74260      4.92111     0.386906    -0.912652
119.620           8.43822      4.81838     0.317681    -0.704072
120.020           8.14405      4.71515     0.274844    -0.527902
120.420           7.86033      4.61217     0.248734    -0.373183
120.821           7.58284      4.50869     0.234416    -0.232276
121.221           7.31493      4.40646     0.229311   -0.0995246
121.622           7.05574      4.30575     0.232463    0.0296450
122.022           6.80627      4.20741     0.244072     0.159215
122.422           6.56486      4.11121     0.265590     0.293187
122.823           6.32930      4.01650     0.300101     0.435902
123.223           6.10313      3.92475     0.352967     0.592160
123.624           5.88419      3.83512     0.434110     0.767858
124.024           5.67211      3.74734     0.561515     0.968883
124.424           5.46905      3.66218     0.768710      1.19756
124.825           5.27109      3.57774      1.11930      1.43687
125.225           5.08025      3.49467      1.71670      1.59483
125.626           4.89628      3.41266      2.60589      1.36600
126.026           4.71899      3.33145      3.29359     0.336620
126.426           4.54740      3.25048      2.94687    -0.895154
126.827           4.38132      3.16961      2.08587     -1.38515
127.227           4.22229      3.08966      1.41910     -1.35277
127.628           4.06923      3.01024      1.00949     -1.16409
128.028           3.92157      2.93127     0.763936    -0.957245
128.428           3.77898      2.85284     0.613269    -0.767090
128.829           3.64156      2.77532     0.518799    -0.598008
129.229           3.50917      2.69897     0.459675    -0.446839
129.630           3.38157      2.62401     0.424570    -0.309220
130.030           3.25969      2.55129     0.407263    -0.181149
130.430           3.14226      2.48041     0.404854   -0.0593095
130.831           3.02938      2.41166     0.416405    0.0591528
131.231           2.92047      2.34491     0.442785     0.176240
131.632           2.81622      2.28068     0.486489     0.293532
132.032           2.71650      2.21899     0.552051     0.411119
132.432           2.62065      2.15945     0.646655     0.526983
132.833           2.52907      2.10230     0.780105     0.634447
133.233           2.44115      2.04709     0.963296     0.717343
133.634           2.35709      1.99385      1.20195     0.744752
134.034           2.27640      1.94220      1.47750     0.668827
134.434           2.19993      1.89261      1.72340     0.449669
134.835           2.12683      1.84444      1.83414     0.115357
135.235           2.05708      1.79765      1.75819    -0.217773
135.636           1.99090      1.75240      1.55494    -0.440869
136.036           1.92791      1.70846      1.32149    -0.533736
136.436           1.86858      1.66623      1.11725    -0.532795
136.837           1.81269      1.62568     0.959354    -0.478922
137.237           1.75986      1.58668     0.845131    -0.399186
137.638           1.71069      1.54984     0.767013    -0.308765
138.038           1.66521      1.51537     0.717941    -0.215123
138.438           1.62276      1.48296     0.693057    -0.121642
138.839           1.58420      1.45345     0.689237   -0.0305482
139.239           1.54915      1.42672     0.705350    0.0566040
139.640           1.51857      1.40360     0.741218     0.138031
140.040           1.49166      1.38358     0.798095     0.210013
140.440           1.46668      1.36528     0.871134     0.261783
140.841           1.44758      1.35183     0.968693     0.296180
141.241           1.43301      1.34205      1.08159     0.296035
141.642           1.42340      1.33616      1.19638     0.250230
142.042           1.41849      1.33375      1.28943     0.154658
142.442           1.41807      1.33454      1.33373    0.0217829
142.843           1.42257      1.33869      1.31397    -0.118392
143.243           1.43166      1.34586      1.23715    -0.231768
143.644           1.44473      1.35552      1.12782    -0.298039
144.044           1.46175      1.36769      1.01177    -0.316031
144.444           1.48225      1.38204     0.906669    -0.295028
144.845           1.50635      1.39875     0.820456    -0.247042
145.245           1.53288      1.41705     0.755556    -0.181617
145.646           1.56244      1.43748     0.711011    -0.105591
146.046           1.59416      1.45950     0.685857   -0.0230746
146.446           1.62787      1.48306     0.679304    0.0635280
146.847           1.66392      1.50847     0.691429     0.152613
147.247           1.70189      1.53544     0.723818     0.242638
147.648           1.74134      1.56363     0.779634     0.331416
148.048           1.78258      1.59324     0.863394     0.414799
148.448           1.82510      1.62383     0.981180     0.484553
148.849           1.86891      1.65531      1.13806     0.525530
149.249           1.91425      1.68773      1.33255     0.512688
149.650           1.96081      1.72076      1.54427     0.412292
150.050           2.00849      1.75420      1.71897     0.201195
150.450           2.05747      1.78806      1.78052   -0.0959752
150.851           2.10733      1.82193      1.68738    -0.391385
151.251           2.15844      1.85598      1.47996    -0.594888
151.652           2.21033      1.88982      1.23831    -0.679723
152.052           2.26319      1.92355      1.02001    -0.672230
152.452           2.31730      1.95734     0.845364    -0.609852
152.853           2.37196      1.99077     0.713923    -0.519794
153.253           2.42773      2.02425     0.618319    -0.418054
153.654           2.48410      2.05753     0.550627    -0.312023
154.054           2.54126      2.09084     0.504794    -0.205078
154.454           2.59971      2.12459     0.476503   -0.0979644
154.855           2.65850      2.15830     0.463386   0.00986556
155.255           2.71810      2.19237     0.464382     0.119432
155.656           2.77836      2.22679     0.479977     0.232328
156.056           2.83969      2.26187     0.512224     0.350246
156.456           2.90171      2.29742     0.565402     0.474753
156.857           2.96412      2.33327     0.646976     0.606857
157.257           3.02689      2.36938     0.769201     0.745321
157.658           3.09064      2.40603     0.951500     0.882865
158.058           3.15539      2.44314      1.22211     0.996218
158.458           3.23635      2.48891      1.60935      1.03060
158.859           3.31403      2.53236      2.10150     0.857503
159.259           3.38081      2.56934      2.51621     0.336164
159.660           3.44805      2.60593      2.52854    -0.407416
160.060           3.51582      2.64201      2.11042    -0.959521
160.460           3.58393      2.67740      1.58615     -1.15035
160.861           3.65285      2.71223      1.16649     -1.11048
161.261           3.72202      2.74617     0.876717    -0.978894
161.662           3.79171      2.77936     0.683737    -0.823929
162.062           3.86172      2.81172     0.555152    -0.670955
162.462           3.93261      2.84362     0.468661    -0.527125
162.863           4.00352      2.87473     0.410485    -0.392846
163.263           4.07528      2.90562     0.372165    -0.266358
163.664           4.14749      2.93622     0.348720    -0.145180
164.064           4.21936      2.96636     0.337385   -0.0267308
164.464           4.29185      2.99665     0.336865    0.0916699
164.865           4.36507      3.02729     0.347224     0.212795
165.265           4.43851      3.05817     0.369908     0.339654
165.666           4.51233      3.08945     0.408092     0.475742
166.066           4.58654      3.12118     0.467630     0.625063
166.466           4.66102      3.15331     0.558895     0.791988
166.867           4.73553      3.18569     0.700465     0.980149
167.267           4.81095      3.21861     0.925933      1.18766
167.668           4.88592      3.25135      1.29556      1.39008
168.068           4.96178      3.28432      1.89777      1.48633
168.468           5.03729      3.31682      2.74231      1.18417
168.869           5.11355      3.34909      3.34251     0.141517
169.269           5.18987      3.38068      2.95763     -1.06117
169.670           5.26650      3.41150      2.07552     -1.54313
170.070           5.34362      3.44149      1.38264     -1.49947
170.470           5.42047      3.47023     0.953931     -1.29432
170.871           5.49764      3.49792     0.696072     -1.07205
171.271           5.57490      3.52447     0.536793    -0.869522
171.672           5.65280      3.55014     0.434963    -0.691020
172.072           5.73050      3.57473     0.368300    -0.532877
172.472           5.80855      3.59861     0.324353    -0.390059
172.873           5.88604      3.62163     0.296141    -0.258039
173.273           5.96449      3.64458     0.279623    -0.132827
173.674           6.04273      3.66725     0.272719   -0.0109578
174.074           6.12139      3.69010     0.274592     0.110839
174.474           6.20030      3.71326     0.285535     0.235859
174.875           6.27885      3.73668     0.307045     0.367728
175.275           6.35772      3.76073     0.342209     0.510728
175.676           6.43643      3.78529     0.396718     0.670160
176.076           6.51557      3.81058     0.480860     0.852830
176.476           6.59499      3.83647     0.613740      1.06672
176.877           6.67392      3.86262     0.832643      1.31850
177.277           6.75330      3.88915      1.21245      1.59909
177.678           6.83256      3.91568      1.89472      1.82017
178.078           6.91198      3.94206      3.01176      1.60183
178.478           6.99142      3.96802      3.95245     0.240041
178.879           7.07072      3.99325      3.35067     -1.41144
179.279           7.15010      4.01761      2.13815     -1.88435
179.680           7.22966      4.04095      1.33059     -1.71338
180.080           7.30929      4.06311     0.882777     -1.42295
180.480           7.38871      4.08392     0.630055     -1.15343
180.881           7.46852      4.10356     0.479583    -0.924591
181.281           7.54802      4.12190     0.385533    -0.730771
181.682           7.62755      4.13916     0.324777    -0.563284
182.082           7.70733      4.15559     0.285037    -0.414538
182.482           7.78689      4.17130     0.259581    -0.278635
182.883           7.86646      4.18660     0.244630    -0.150852
183.283           7.94557      4.20166     0.238189   -0.0272709
183.684           8.02514      4.21698     0.239437    0.0956506
184.084           8.10449      4.23263     0.248561     0.221382
184.484           8.18388      4.24888     0.266777     0.353724
184.885           8.26331      4.26589     0.296692     0.497168
185.285           8.34273      4.28371     0.343123     0.657424
185.686           8.42224      4.30240     0.414837     0.842097
186.086           8.50121      4.32175     0.528321      1.06132
186.486           8.58075      4.34190     0.716312      1.32741
186.887           8.65954      4.36235      1.04810      1.64740
187.287           8.73866      4.38314      1.67334      1.97893
187.688           8.81786      4.40394      2.84371      2.02053
188.088           8.89620      4.42423      4.26794     0.794816
188.488           8.97521      4.44411      3.91842     -1.39341
188.889           9.05379      4.46305      2.41070     -2.11843
189.289           9.13298      4.48107      1.41997     -1.91404
189.690           9.21136      4.49768     0.904436     -1.56555
190.090           9.28937      4.51288     0.627580     -1.25595
190.490           9.36777      4.52681     0.468189     -1.00181
190.891           9.44623      4.53946     0.370744    -0.791957
191.291           9.52463      4.55092     0.308609    -0.614024
191.692           9.60254      4.56129     0.268186    -0.458420
192.092           9.68035      4.57092     0.242137    -0.318017
192.492           9.75805      4.58009     0.226404    -0.187421
192.893           9.83594      4.58917     0.218793   -0.0623209
193.293           9.91343      4.59834     0.218320    0.0610377
193.694           9.99116      4.60801     0.224924     0.186211
194.094           10.0683      4.61826     0.239477     0.316971
194.494           10.1454      4.62938     0.264003     0.457709
194.895           10.2230      4.64161     0.302315     0.613974
195.295           10.3001      4.65476     0.361376     0.793198
195.696           10.3763      4.66876     0.454186      1.00572
196.096           10.4534      4.68381     0.606384      1.26568
196.496           10.5297      4.69942     0.872557      1.58897
196.897           10.6059      4.71547      1.37654      1.97182
197.297           10.6824      4.73177      2.38667      2.25862
197.698           10.7585      4.74787      4.07967      1.60789
198.098           10.8345      4.76351      4.59336    -0.863607
198.498           10.9107      4.77846      2.94126     -2.24036
198.899           10.9865      4.79235      1.65220     -2.12907
199.299           11.0616      4.80493      1.00289     -1.73832
199.700           11.1368      4.81619     0.670889     -1.38576
200.100           11.2121      4.82605     0.486966     -1.10177
200.501           11.2873      4.83457     0.377491    -0.872118
200.901           11.3621      4.84174     0.308856    -0.681029
201.301           11.4370      4.84786     0.264509    -0.516623
201.702           11.5115      4.85309     0.235768    -0.370403
202.102           11.5860      4.85778     0.217874    -0.236146
202.503           11.6606      4.86231     0.208219    -0.109065
202.903           11.7347      4.86688     0.205518    0.0148326
203.303           11.8084      4.87181     0.209418     0.139192
203.704           11.8823      4.87751     0.220412     0.267714
204.104           11.9558      4.88407     0.239991     0.404567
204.505           12.0290      4.89166     0.271067     0.554893
204.905           12.1024      4.90045     0.318953     0.725513
205.305           12.1754      4.91033     0.393474     0.925957
205.706           12.2483      4.92125     0.513669      1.16979
206.106           12.3213      4.93310     0.719255      1.47534
206.507           12.3935      4.94549      1.10019      1.85823
206.907           12.4658      4.95826      1.86982      2.26979
207.307           12.5382      4.97112      3.40965      2.23830
207.708           12.6100      4.98362      4.96913     0.262854
208.108           12.6818      4.99554      3.76189     -2.09616
208.509           12.7539      5.00663      2.06664     -2.34279
208.909           12.8252      5.01647      1.18765     -1.94526
209.309           12.8962      5.02498     0.759082     -1.54571
209.710           12.9675      5.03213     0.532151     -1.22492
210.110           13.0383      5.03782     0.401518    -0.970185
210.511           13.1092      5.04220     0.321412    -0.762274
210.911           13.1798      5.04537     0.270251    -0.586553
211.311           13.2502      5.04758     0.237049    -0.432773
211.712           13.3204      5.04911     0.215895    -0.293647
212.112           13.3903      5.05030     0.203541    -0.163755
212.513           13.4599      5.05147     0.198272   -0.0387702
212.913           13.5297      5.05303     0.199393    0.0850916
213.313           13.5987      5.05513     0.207044     0.211487
213.714           13.6682      5.05822     0.222219     0.344360
214.114           13.7371      5.06233     0.247075     0.488401
214.515           13.8060      5.06767     0.285594     0.649684
214.915           13.8748      5.07423     0.345062     0.836577
215.315           13.9431      5.08192     0.439294      1.06109
215.716           14.0114      5.09064     0.596252      1.34049
216.116           14.0793      5.10017     0.877522      1.69633
216.517           14.1473      5.11026      1.43040      2.13157
216.917           14.2147      5.12054      2.59715      2.46188
217.317           14.2825      5.13078      4.57406      1.56140
217.718           14.3498      5.14055      4.72605     -1.37051
218.118           14.4167      5.14954      2.73766     -2.47680
218.519           14.4838      5.15755      1.49164     -2.18115
218.919           14.5505      5.16428     0.902867     -1.73848
219.319           14.5964      5.16711     0.605657     -1.37109
219.720           14.5987      5.16319     0.440208     -1.07905
220.120           14.6647      5.16574     0.343847    -0.851209
220.521           14.7308      5.16708     0.283284    -0.662062
220.921           14.7967      5.16737     0.244149    -0.499246
221.321           14.8624      5.16687     0.218893    -0.354177
221.722           14.9277      5.16588     0.203389    -0.220650
222.122           14.9932      5.16481     0.195392   -0.0938930
222.523           15.0582      5.16394     0.193833    0.0300833
222.923           15.1232      5.16361     0.198499     0.154955
223.323           15.1877      5.16409     0.209984     0.284505
223.724           15.2524      5.16565     0.229845     0.423044
224.124           15.3167      5.16836     0.261087     0.575972
224.525           15.3810      5.17236     0.309174     0.750562
224.925           15.4448      5.17757     0.384268     0.957147
225.325           15.5086      5.18391     0.506325      1.21081
225.726           15.5723      5.19123     0.717732      1.53265
226.126           15.6357      5.19923      1.11714      1.94297
226.527           15.6989      5.20763      1.94786      2.39241
226.927           15.7622      5.21614      3.65800      2.32399
227.327           15.8249      5.22435      5.22434  -0.00536962
227.728           15.8877      5.23198      3.65560     -2.33694
228.128           15.9503      5.23872      1.94135     -2.40248
228.529           16.0124      5.24430      1.11010     -1.94963
228.929           16.0746      5.24860     0.711327     -1.53721
229.329           16.1366      5.25150     0.500709     -1.21413
229.730           16.1982      5.25298     0.379358    -0.959722
230.130           16.2599      5.25318     0.304844    -0.752664
230.531           16.3213      5.25222     0.257225    -0.577765
230.931           16.3824      5.25036     0.226353    -0.424632
231.331           16.4435      5.24789     0.206774    -0.285958
231.732           16.5044      5.24517     0.195491    -0.156325
232.132           16.5650      5.24250     0.190944   -0.0314063
232.533           16.6255      5.24025     0.192529    0.0925889
232.933           16.6858      5.23870     0.200436     0.219345
233.333           16.7458      5.23811     0.215699     0.352859
233.734           16.8058      5.23868     0.240492     0.497926
234.134           16.8657      5.24051     0.278824     0.660791
234.535           16.9251      5.24359     0.338040     0.850140
234.935           16.9845      5.24790     0.432121      1.07858
235.335           17.0437      5.25326     0.589609      1.36454
235.736           17.1027      5.25948     0.874104      1.73190
236.136           17.1616      5.26627      1.44061      2.18743
236.537           17.2203      5.27333      2.65978      2.54084
236.937           17.2787      5.28030      4.74717      1.55881
237.337           17.3370      5.28686      4.77288     -1.53491
237.738           17.3951      5.29270      2.67946     -2.55114
238.138           17.4531      5.29755      1.44604     -2.20054
238.539           17.5108      5.30118     0.874070     -1.74198
238.939           17.5684      5.30349     0.587763     -1.37206
239.339           17.6258      5.30441     0.429754     -1.08440
239.740           17.6830      5.30398     0.335618    -0.854838
240.140           17.7401      5.30234     0.276521    -0.664752
240.541           17.7970      5.29970     0.238360    -0.501395
240.941           17.8537      5.29631     0.213747    -0.356007
241.341           17.9100      5.29249     0.198648    -0.222296
241.742           17.9664      5.28859     0.190873   -0.0954403
242.142           18.0225      5.28494     0.189377    0.0285702
242.543           18.0786      5.28187     0.193953     0.153428
242.943           18.1343      5.27963     0.205181     0.282918
243.343           18.1899      5.27847     0.224579     0.421359
243.744           18.2454      5.27852     0.255071     0.574156
244.144           18.3006      5.27983     0.301980     0.748600
244.545           18.3557      5.28239     0.375198     0.955091
244.945           18.4107      5.28612     0.494159      1.20891
245.345           18.4653      5.29079     0.700197      1.53188
245.746           18.5198      5.29620      1.08990      1.94685
246.146           18.5742      5.30205      1.90484      2.41462
246.547           18.6284      5.30800      3.61840      2.40735
246.947           18.6825      5.31373      5.31188    0.0974046
247.347           18.7363      5.31891      3.74726     -2.36515
247.748           18.7900      5.32325      1.97043     -2.44472
248.148           18.8435      5.32652      1.11753     -1.97825
248.549           18.8968      5.32853     0.712393     -1.55634
248.949           18.9500      5.32920     0.499769     -1.22776
249.349           19.0029      5.32853     0.377754    -0.970088
249.750           19.0557      5.32660     0.303023    -0.761020
250.150           19.1083      5.32357     0.255331    -0.584842
250.551           19.1609      5.31970     0.224419    -0.430888
250.951           19.2131      5.31523     0.204789    -0.291702
251.351           19.2652      5.31052     0.193420    -0.161784
251.752           19.3170      5.30589     0.188734   -0.0367624
252.152           19.3688      5.30169     0.190106    0.0871696
252.553           19.4204      5.29818     0.197697     0.213696
252.953           19.4718      5.29563     0.212495     0.346793
253.353           19.5231      5.29421     0.236594     0.491212
253.754           19.5741      5.29402     0.273864     0.653124
254.154           19.6249      5.29509     0.331379     0.841103
254.555           19.6756      5.29737     0.422584      1.06760
254.955           19.7262      5.30071     0.574828      1.35093
255.355           19.7765      5.30490     0.848877      1.71541
255.756           19.8267      5.30968      1.39280      2.17204
256.156           19.8768      5.31474      2.56727      2.55667
256.557           19.9267      5.31976      4.66689      1.71001
256.957           19.9763      5.32442      4.90158     -1.41180
257.357           20.0257      5.32839      2.77933     -2.57027
257.758           20.0751      5.33145      1.48853     -2.23595
258.158           20.1243      5.33336     0.892951     -1.76989
258.559           20.1731      5.33399     0.597079     -1.39293
258.959           20.2219      5.33332     0.434737     -1.10050
259.359           20.2705      5.33136     0.338408    -0.867831
259.760           20.3191      5.32826     0.278084    -0.675693
260.160           20.3674      5.32418     0.239169    -0.510980
260.561           20.4155      5.31940     0.214045    -0.364709
260.961           20.4633      5.31421     0.198557    -0.230462
261.361           20.5111      5.30894     0.190448    -0.103348
261.762           20.5588      5.30392     0.188623    0.0206778
262.162           20.6061      5.29944     0.192834     0.145313
262.563           20.6533      5.29578     0.203608     0.274321
262.963           20.7004      5.29315     0.222393     0.411965
263.363           20.7473      5.29169     0.251994     0.563554
263.764           20.7938      5.29146     0.297517     0.736213
264.164           20.8404      5.29247     0.368423     0.940077
264.565           20.8868      5.29460     0.483209      1.19003
264.965           20.9331      5.29767     0.680972      1.50744
265.365           20.9789      5.30147      1.05247      1.91585
265.766           21.0249      5.30571      1.82440      2.38645
266.166           21.0704      5.31008      3.46382      2.45915
266.567           21.1159      5.31427      5.29130     0.342375
266.967           21.1611      5.31795      3.90916     -2.28961
267.367           21.2062      5.32087      2.06136     -2.47112
267.768           21.2512      5.32278      1.15984     -2.01152
268.168           21.2957      5.32349     0.733940     -1.58314
268.569           21.3403      5.32296     0.511945     -1.24866
268.969           21.3850      5.32117     0.385229    -0.986844
269.369           21.4290      5.31816     0.307902    -0.774961
269.770           21.4729      5.31411     0.258651    -0.596884
270.170           21.5168      5.30924     0.226730    -0.441662
270.571           21.5605      5.30383     0.206396    -0.301665
270.971           21.6040      5.29817     0.194493    -0.171289
271.371           21.6474      5.29259     0.189360   -0.0461078
271.772           21.6905      5.28739     0.190314    0.0777046
272.172           21.7333      5.28285     0.197461     0.203821
272.573           21.7760      5.27923     0.211723     0.336172
272.973           21.8187      5.27670     0.235101     0.479414
273.373           21.8609      5.27533     0.271304     0.639563
273.774           21.9031      5.27519     0.327094     0.824924
274.174           21.9451      5.27619     0.415268      1.04752
274.575           21.9867      5.27822     0.561667      1.32497
274.975           22.0283      5.28109     0.823198      1.68095
275.375           22.0698      5.28455      1.33727      2.12876
275.776           22.1109      5.28829      2.44011      2.53205
276.176           22.1521      5.29203      4.48466      1.86231
276.577           22.1929      5.29543      5.00805     -1.17684
276.977           22.2335      5.29823      2.92657     -2.54817
277.377           22.2737      5.30014      1.56247     -2.26601
277.778           22.3141      5.30101     0.929976     -1.80011
278.178           22.3539      5.30068     0.617623     -1.41735
278.579           22.3940      5.29913     0.447272     -1.12005
278.979           22.4338      5.29636     0.346653    -0.883901
279.379           22.4730      5.29248     0.283830    -0.689372
279.780           22.5121      5.28769     0.243350    -0.523032
280.180           22.5512      5.28223     0.217179    -0.375685
280.581           22.6619      5.28014     0.200775    -0.240486
280.981           22.7017      5.27424     0.192116    -0.113061
281.381           22.7410      5.26855     0.189829    0.0109841
281.782           22.7802      5.26337     0.193606     0.135350
282.182           22.8193      5.25897     0.203914     0.263768
282.583           22.8576      5.25551     0.222133     0.400430
282.983           22.8965      5.25321     0.250947     0.550519
283.383           22.9352      5.25207     0.295257     0.720938
283.784           22.9735      5.25210     0.364108     0.921457
284.184           23.0111      5.25317     0.475070      1.16635
284.585           23.0488      5.25518     0.664948      1.47607
284.985           23.0868      5.25791      1.01827      1.87371
285.385           23.1236      5.26104      1.74432      2.33791
285.786           23.1610      5.26435      3.28716      2.47462
286.186           23.1980      5.26750      5.19535     0.600937
286.587           23.2348      5.27019      4.07192     -2.15682
286.987           23.2715      5.27218      2.17256     -2.47915
287.387           23.3073      5.27319      1.21546     -2.04022
287.788           23.3438      5.27315     0.763753     -1.60901
288.188           23.3797      5.27191     0.529619     -1.26967
288.589           23.4151      5.26946     0.396639     -1.00400
288.989           23.4510      5.26592     0.315781    -0.789382
289.389           23.4863      5.26137     0.264386    -0.609409
289.790           23.5214      5.25603     0.231078    -0.452902
290.190           23.5557      5.25014     0.209793    -0.312074
290.591           23.5906      5.24405     0.197200    -0.181224
290.991           23.6244      5.23798     0.191532   -0.0558738
291.391           23.6586      5.23230     0.192033    0.0678200
291.792           23.6927      5.22724     0.198753     0.193514
292.192           23.7255      5.22298     0.212554     0.325090
292.593           23.7591      5.21979     0.235353     0.467106
292.993           23.7927      5.21772     0.270719     0.625405
293.393           23.8247      5.21674     0.325158     0.808000
293.794           23.8577      5.21691     0.410894      1.02641
294.194           23.8896      5.21802     0.552445      1.29744
294.595           23.9216      5.21994     0.803227      1.64362
294.995           23.9536      5.22244      1.29063      2.07885
295.395           23.9847      5.22520      2.32471      2.48751
295.796           24.0162      5.22800      4.28272      1.96662
296.196           24.0474      5.23051      5.05622    -0.920811
296.597           24.0781      5.23243      3.07201     -2.49479
296.997           24.1080      5.23354      1.64326     -2.28336
297.397           24.1389      5.23371     0.972321     -1.82462
297.798           24.1688      5.23274     0.641941     -1.43865
298.198           24.1985      5.23061     0.462594     -1.13758
298.599           24.2280      5.22734     0.357074    -0.898530
298.999           24.2560      5.22299     0.291366    -0.701920
299.399           24.2863      5.21789     0.249067    -0.534136
299.800           24.3140      5.21203     0.221693    -0.385820
300.601           24.3698      5.19953     0.195327    -0.122572
301.001           24.3976      5.19345     0.192551   0.00150429
301.401           24.4254      5.18784     0.195919     0.125619
301.802           24.4518      5.18291     0.205851     0.253476
302.202           24.4789      5.17893     0.223658     0.389193
302.603           24.5055      5.17598     0.251944     0.537823
303.003           24.5304      5.17407     0.295454     0.706052
303.403           24.5568      5.17333     0.362905     0.903259
303.804           24.5814      5.17354     0.471144      1.14305
304.204           24.6073      5.17469     0.655111      1.44479
304.605           24.6310      5.17642     0.994115      1.83023
305.005           24.6559      5.17864      1.68170      2.28156
305.405           24.6795      5.18097      3.13150      2.45404
305.806           24.7034      5.18318      5.05023     0.803612
306.206           24.7267      5.18497      4.18910     -1.99493
306.607           24.7497      5.18610      2.27829     -2.46255
307.007           24.7723      5.18636      1.27282     -2.05588
307.407           24.7947      5.18560     0.796028     -1.62719
307.808           24.8163      5.18372     0.549524     -1.28554
308.208           24.8373      5.18070     0.409986     -1.01738
308.609           24.8575      5.17661     0.325368    -0.800807
309.009           24.8784      5.17163     0.271665    -0.619417
309.409           24.8996      5.16594     0.236865    -0.461927
309.810           24.9183      5.15966     0.214577    -0.320450
310.210           24.9377      5.15319     0.201285    -0.189225
310.611           24.9571      5.14679     0.195117   -0.0637429
311.011           24.9767      5.14073     0.195249    0.0598545
311.411           24.9938      5.13516     0.201689     0.185210
311.812           25.0121      5.13044     0.215251     0.316158
312.212           25.0289      5.12663     0.237812     0.457172
312.613           25.0460      5.12388     0.272867     0.613952
313.013           25.0612      5.12213     0.326777     0.794235
313.413           25.0776      5.12148     0.411446      1.00909
313.814           25.0939      5.12176     0.550578      1.27448
314.214           25.1084      5.12272     0.795310      1.61148
314.615           25.1221      5.12420      1.26592      2.03257
315.015           25.1375      5.12603      2.25072      2.43117
315.415           25.1519      5.12785      4.11554      1.99218
315.816           25.1644      5.12934      5.02107    -0.722869
316.216           25.1761      5.13029      3.16653     -2.41568
316.617           25.1890      5.13056      1.70833     -2.27580
317.017           25.1995      5.12983      1.00989     -1.83236
317.417           25.2124      5.12817     0.664999     -1.44834
317.818           25.2229      5.12535     0.477973     -1.14655
318.218           25.2325      5.12146     0.368107    -0.906430
318.619           25.2410      5.11657     0.299776    -0.708905
319.019           25.2505      5.11092     0.255815    -0.540429
319.419           25.2596      5.10468     0.227345    -0.391632
319.820           25.2668      5.09803     0.209542    -0.255819
320.220           25.2749      5.09133     0.199758    -0.127936
320.621           25.2808      5.08475     0.196669  -0.00386808
321.021           25.2883      5.07869     0.199857     0.120081
321.421           25.2934      5.07322     0.209717     0.247583
321.822           25.2961      5.06851     0.227554     0.382717
322.222           25.3007      5.06486     0.255947     0.530436
322.623           25.3056      5.06226     0.299623     0.697268
323.023           25.3077      5.06059     0.367251     0.892303
323.423           25.3117      5.05994     0.475460      1.12859
323.824           25.3119      5.05998     0.658580      1.42437
324.224           25.3123      5.06065     0.993581      1.79925
324.625           25.3136      5.06176      1.66521      2.23270
325.025           25.3123      5.06291      3.05814      2.39477
325.425           25.3137      5.06406      4.90907     0.854550
325.826           25.3100      5.06464      4.18850     -1.86995
326.226           25.3090      5.06472      2.32633     -2.41448
326.627           25.3055      5.06391      1.30798     -2.04230
327.027           25.3024      5.06218     0.819161     -1.62405
327.427           25.2979      5.05939     0.565478     -1.28568
327.828           25.2912      5.05549     0.421714     -1.01860
328.228           25.2859      5.05069     0.334501    -0.802369
328.629           25.2794      5.04500     0.279151    -0.621064
329.029           25.2726      5.03863     0.243283    -0.463582
329.429           25.2655      5.03181     0.220297    -0.322095
329.830           25.2557      5.02471     0.206579    -0.190878
330.230           25.2445      5.01761     0.200187   -0.0654301
330.631           25.2336      5.01086     0.200268    0.0580840
331.031           25.2242      5.00473     0.206814     0.183296
331.431           25.2114      4.99921     0.220666     0.314012
331.832           25.1969      4.99453     0.243732     0.454666
332.232           25.1826      4.99084     0.279571     0.610862
332.633           25.1664      4.98808     0.334663     0.790202
333.033           25.1528      4.98638     0.421091      1.00342
333.433           25.1336      4.98532     0.562862      1.26576
333.834           25.1180      4.98510     0.811298      1.59654
334.234           25.0985      4.98522      1.28565      2.00356
334.635           25.0783      4.98557      2.26304      2.36962
335.035           25.0591      4.98597      4.05430      1.89483
335.435           25.0369      4.98601      4.88200    -0.697789
335.836           25.0134      4.98551      3.13340     -2.33064
336.236           24.9908      4.98437      1.71816     -2.22634
336.637           24.9671      4.98234      1.02447     -1.80564
337.037           24.9422      4.97932     0.677818     -1.43240
337.437           24.9137      4.97519     0.488630     -1.13599
337.838           24.8860      4.97013     0.377085    -0.898800
338.238           24.8597      4.96426     0.307564    -0.702987
338.639           24.8272      4.95745     0.262813    -0.535559
339.039           24.7978      4.95023     0.233835    -0.387424
339.439           24.7669      4.94266     0.215758    -0.252034
339.840           24.7352      4.93502     0.205906    -0.124406
340.240           24.6998      4.92745     0.202945 -0.000469266
340.641           24.6648      4.92033     0.206471     0.123435
341.041           24.6279      4.91378     0.216921     0.250980
341.441           24.8331      4.91730     0.234870     0.384095
341.842           24.7981      4.91253     0.264389     0.531730
342.242           24.7604      4.90861     0.309775     0.698366
342.643           24.7235      4.90567     0.380019     0.892915
343.043           24.6847      4.90352     0.492385      1.12800
343.443           24.6438      4.90204     0.682289      1.42066
343.844           24.6046      4.90118      1.02848      1.78686
344.244           24.5625      4.90056      1.71558      2.19412
344.645           24.5209      4.90007      3.09855      2.28352
345.045           24.4744      4.89926      4.79127     0.703809
345.445           24.4293      4.89813      4.02898     -1.82328
345.846           24.3798      4.89626      2.28067     -2.33047
346.246           24.3341      4.89380      1.30403     -1.98686
346.647           24.2843      4.89030     0.825422     -1.58872
347.047           24.2349      4.88589     0.573781     -1.26160
347.447           24.1808      4.88036     0.430029     -1.00094
347.848           24.1283      4.87403     0.342393    -0.788574
348.248           24.0750      4.86691     0.286629    -0.609701
348.649           24.0160      4.85899     0.250488    -0.453790
349.049           23.9632      4.85093     0.227378    -0.313316
349.449           23.8998      4.84231     0.213727    -0.182724
349.850           23.8391      4.83388     0.207591   -0.0576204
350.250           23.7811      4.82589     0.208153    0.0657844
350.651           23.7179      4.81822     0.215479     0.191097
351.051           23.6523      4.81116     0.230503     0.322122
351.451           23.5865      4.80491     0.255296     0.463284
351.852           23.5224      4.79962     0.293716     0.620204
352.252           23.4517      4.79498     0.352784     0.800442
352.653           23.3848      4.79134     0.445547      1.01452
353.053           23.3123      4.78822     0.597954      1.27690
353.453           23.2382      4.78563     0.865250      1.60403
353.854           23.1660      4.78352      1.37342      1.99264
354.254           23.0876      4.78134      2.39673      2.28397
354.655           23.0125      4.77924      4.11028      1.61544
355.055           22.9342      4.77674      4.59884    -0.883675
355.455           22.8540      4.77368      2.93133     -2.23933
355.856           22.7727      4.76991      1.65038     -2.12000
356.256           22.6926      4.76540      1.00605     -1.73009
356.657           22.6067      4.75976     0.676013     -1.37938
357.057           22.5187      4.75314     0.492804     -1.09690
357.457           22.4328      4.74574     0.383570    -0.868346
357.858           22.3436      4.73744     0.315041    -0.678038
358.258           22.2532      4.72846     0.270804    -0.514221
358.659           22.1604      4.71893     0.242237    -0.368448
359.059           22.0678      4.70919     0.224619    -0.234554
359.459           21.9713      4.69926     0.215391    -0.107801
359.860           21.8749      4.68956     0.213295    0.0157852
360.260           21.7758      4.68015     0.218048     0.139804
360.661           21.6786      4.67143     0.230229     0.267915
361.061           21.5747      4.66312     0.251480     0.404192
361.461           21.4746      4.65580     0.284911     0.553630
361.862           21.3706      4.64913     0.336218     0.722769
362.262           21.2628      4.64308     0.415825     0.920519
362.663           21.1526      4.63764     0.543774      1.15905
363.063           21.0448      4.63289     0.761182      1.45306
363.463           20.9372      4.62857      1.15850      1.80842
363.864           20.8246      4.62422      1.93565      2.15005
364.264           20.7114      4.61985      3.37301      1.98386
364.665           20.5932      4.61501      4.61125     0.128621
365.065           20.4790      4.60994      3.53927     -1.88604
365.465           20.3610      4.60409      2.04620     -2.16296
365.866           20.2432      4.59752      1.21786     -1.83870
366.266           20.1212      4.58990     0.795474     -1.48043
366.667           19.9963      4.58128     0.565910     -1.18147
367.067           19.8753      4.57199     0.431649    -0.938929
367.467           19.7492      4.56168     0.348594    -0.738291
367.868           19.6248      4.55080     0.295328    -0.567148
368.268           19.4930      4.53904     0.260827    -0.416340
368.669           19.3623      4.52704     0.239074    -0.279197
369.069           19.2324      4.51497     0.226776    -0.150629
369.469           19.0987      4.50282     0.222247   -0.0265111
369.870           18.9687      4.49115     0.224857    0.0968112
370.270           18.8302      4.47951     0.234943     0.222887
370.671           18.6947      4.46861     0.253780     0.355573
371.071           18.5565      4.45826     0.284051     0.499400
371.471           18.4189      4.44865     0.330599     0.660105
371.872           18.2774      4.43953     0.402267     0.845379
372.272           18.1355      4.43100     0.515567      1.06537
372.673           17.9936      4.42299     0.703365      1.33240
373.073           17.8509      4.41530      1.03518      1.65333
373.473           17.7036      4.40751      1.66064      1.98452
373.874           17.5561      4.39968      2.82735      2.02192
374.274           17.4094      4.39167      4.23088     0.802294
374.675           17.2635      4.38331      3.88790     -1.34651
375.075           17.1126      4.37405      2.41534     -2.06958
375.475           16.9611      4.36403      1.43786     -1.88067
375.876           16.8067      4.35301     0.924406     -1.54330
376.276           16.6559      4.34137     0.646695     -1.24028
376.677           16.5025      4.32870     0.486141    -0.990117
377.077           16.3483      4.31519     0.387736    -0.782732
377.477           16.1909      4.30078     0.325022    -0.606450
377.878           16.0331      4.28578     0.284385    -0.451985
378.278           15.8758      4.27043     0.258494    -0.312401
378.679           15.7195      4.25495     0.243316    -0.182428
379.079           15.5636      4.23949     0.236713   -0.0578403
379.479           15.4036      4.22390     0.237810    0.0650560
379.880           15.2442      4.20865     0.246691     0.189721
380.280           15.0799      4.19349     0.264496     0.319802
380.681           14.9174      4.17895     0.293637     0.459496
381.081           14.7565      4.16507     0.338584     0.613906
381.481           14.5943      4.15161     0.407422     0.789684
381.882           14.4338      4.13874     0.514917     0.995180
382.282           14.2690      4.12590     0.689709      1.23981
382.683           14.1055      4.11336     0.989671      1.52710
383.083           13.9428      4.10093      1.53309      1.81950
383.483           13.7766      4.08809      2.50965      1.89083
383.884           13.6101      4.07490      3.77503      1.02879
384.284           13.4462      4.06143      3.85641    -0.860346
384.685           13.2819      4.04730      2.62629     -1.83871
385.085           13.1150      4.03215      1.61384     -1.81742
385.485           12.9491      4.01625      1.04336     -1.53675
385.886           12.7842      3.99955     0.728351     -1.25088
386.286           12.6205      3.98206     0.545259     -1.00542
386.687           12.4544      3.96352     0.433089    -0.798914
387.087           12.2888      3.94428     0.361624    -0.622300
387.487           12.1244      3.92453     0.315319    -0.467329
387.888           11.9605      3.90434     0.285737    -0.327345
388.288           11.7945      3.88361     0.268257    -0.197280
388.689           11.6305      3.86293     0.260348   -0.0729463
389.089           11.4668      3.84225     0.260941    0.0492434
389.489           11.3008      3.82144     0.270074     0.172642
389.890           11.1400      3.80138     0.288807     0.300716
390.290           10.9780      3.78145     0.319675     0.437242
390.691           10.8119      3.76134     0.367313     0.586792
391.091           10.6530      3.74229     0.439736     0.754823
391.491           10.4896      3.72291     0.551785     0.947625
391.892           10.3295      3.70400     0.730659      1.17037
392.292           10.1709      3.68525      1.02873      1.41844
392.693           10.0102      3.66603      1.54220      1.64197
393.093           9.85451      3.64711      2.39092      1.63065
393.493           9.69683      3.62743      3.38318     0.871224
393.894           9.53726      3.60685      3.48532    -0.624410
394.294           9.38279      3.58617      2.55899     -1.53040
394.695           9.22677      3.56441      1.67217     -1.62274
395.095           9.07380      3.54213      1.12068     -1.42480
395.495           8.92109      3.51893     0.798905     -1.18325
395.896           8.76697      3.49457     0.606222    -0.961488
396.296           8.61609      3.46979     0.486105    -0.768429
396.697           8.46566      3.44426     0.408898    -0.599895
397.097           8.31857      3.41854     0.358741    -0.450129
397.497           8.17016      3.39203     0.326921    -0.313735
397.898           8.02685      3.36589     0.308445    -0.186258
398.298           7.87800      3.33851     0.300883   -0.0639782
398.699           7.73551      3.31196     0.302990    0.0563276
399.099           7.59504      3.28564     0.314991     0.177759
399.499           7.45365      3.25911     0.338341     0.303363
399.900           7.31432      3.23291     0.375988     0.436430
400.300           7.17430      3.20656     0.433346     0.580434
400.701           7.03644      3.18053     0.519629     0.738957
401.101           6.90331      3.15525     0.650833     0.914455
401.502           6.76835      3.12941     0.854869      1.10345
401.902           6.63678      3.10389      1.17872      1.28413
402.302           6.79511      3.13583      1.62857      1.40500
402.703           6.66440      3.11071      2.33286      1.25082
403.103           6.53452      3.08510      2.97794     0.533264
403.504           6.40561      3.05890      2.94739    -0.540571
403.904           6.27660      3.03181      2.29241     -1.20462
404.304           6.15194      3.00470      1.62046     -1.33507
404.705           6.02721      2.97662      1.15384     -1.22100
405.105           5.90465      2.94805     0.858312     -1.04153
405.506           5.78318      2.91879     0.671550    -0.859773
405.906           5.66500      2.88941     0.550947    -0.692132
406.306           5.54687      2.85925     0.472057    -0.540361
406.707           5.43081      2.82888     0.420602    -0.402006
407.107           5.31622      2.79828     0.388480    -0.273838
407.508           5.20284      2.76748     0.371049    -0.152535
407.908           5.09160      2.73682     0.365912   -0.0352799
408.308           4.98327      2.70661     0.372239    0.0804657
408.709           4.87479      2.67611     0.390689     0.197184
409.109           4.76845      2.64598     0.423162     0.317075
409.510           4.66421      2.61621     0.473463     0.442136
409.910           4.56277      2.58703     0.547909     0.573622
410.310           4.46137      2.55760     0.656974     0.711010
410.711           4.36205      2.52847     0.816536     0.848995
411.111           4.26486      2.49959      1.04937     0.970376
411.512           4.16913      2.47068      1.37952      1.03133
411.912           4.07598      2.44202      1.80421     0.943170
412.312           3.98261      2.41265      2.21697     0.593887
412.713           3.89258      2.38364      2.38363   0.00553263
413.113           3.80329      2.35410      2.17900    -0.554234
413.514           3.71608      2.32445      1.77571    -0.859263
413.914           3.63076      2.29463      1.38572    -0.929188
414.314           3.54667      2.26441      1.08684    -0.871665
414.715           3.46537      2.23441     0.875670    -0.762699
415.115           3.38410      2.20368     0.730522    -0.638495
415.516           3.30586      2.17340     0.631401    -0.513939
415.916           3.22848      2.14286     0.564985    -0.393869
416.316           3.15316      2.11259     0.522385    -0.279230
416.717           3.07961      2.08258     0.498274    -0.169342
417.117           3.00686      2.05254     0.489739   -0.0629913
417.518           2.93622      2.02307     0.495392    0.0408735
417.918           2.86682      1.99386     0.515429     0.143298
418.318           2.79944      1.96530     0.551248     0.244911
418.719           2.73359      1.93719     0.605672     0.345133
419.119           2.66922      1.90952     0.683081     0.442135
419.520           2.60622      1.88225     0.789025     0.530822
419.920           2.54460      1.85533     0.929765     0.601405
420.320           2.48485      1.82895      1.10845     0.636157
420.721           2.42644      1.80284      1.31769     0.608417
421.121           2.36937      1.77695      1.52841     0.489901
421.522           2.31401      1.75141      1.68403     0.273866
421.922           2.25972      1.72590      1.72589   0.00177844
422.322           2.20709      1.70067      1.64184    -0.248992
422.723           2.15611      1.67572      1.47574    -0.419255
423.123           2.10618      1.65076      1.28689    -0.497831
423.524           2.05786      1.62611      1.11441    -0.505534
423.924           2.01076      1.60161     0.973306    -0.468225
424.324           1.96509      1.57741     0.865447    -0.405977
424.725           1.92072      1.55353     0.786678    -0.331130
425.125           1.87796      1.53019     0.732460    -0.250958
425.526           1.83614      1.50712     0.698927    -0.169172
425.926           1.79587      1.48472     0.683203   -0.0880575
426.326           1.75743      1.46320     0.683542  -0.00911565
426.727           1.71977      1.44205     0.699422    0.0665499
427.127           1.68354      1.42166     0.730642     0.137202
427.528           1.64867      1.40204     0.777531     0.200363
427.928           1.61502      1.38310     0.840404     0.252404
428.328           1.58306      1.36513     0.918110     0.288023
428.729           1.55241      1.34788      1.00757     0.300679
429.129           1.52321      1.33141      1.10185     0.283768
429.530           1.49547      1.31570      1.18852     0.233443
429.930           1.46931      1.30078      1.25283     0.152356
430.330           1.44495      1.28675      1.28130    0.0524023
430.731           1.42208      1.27338      1.26862   -0.0479938
431.131           1.40118      1.26096      1.22086    -0.130964
431.532           1.38220      1.24944      1.15124    -0.185630
431.932           1.36512      1.23884      1.07415    -0.209670
432.332           1.35003      1.22923      1.00078    -0.206836
432.733           1.33745      1.22099     0.937872    -0.183447
433.133           1.32675      1.21380     0.888956    -0.145417
433.534           1.31897      1.20838     0.854857   -0.0982449
433.934           1.31339      1.20436     0.835994   -0.0457260
434.334           1.31038      1.20205     0.832119   0.00869334
434.735           1.30993      1.20149     0.843058    0.0620971
435.135           1.31199      1.20269     0.868686     0.111490
435.536           1.31643      1.20557     0.908792     0.153416
435.936           1.32317      1.21004     0.962473     0.183528
436.336           1.33222      1.21606      1.02718     0.196704
436.737           1.34301      1.22321      1.09824     0.187300
437.137           1.35609      1.23175      1.16711     0.151537
437.538           1.37049      1.24102      1.22218    0.0885562
437.938           1.38667      1.25122      1.25116   0.00507940
438.338           1.40418      1.26203      1.24562   -0.0862374
438.739           1.42300      1.27339      1.20548    -0.168919
439.139           1.44292      1.28517      1.13886    -0.229744
439.540           1.46408      1.29743      1.05815    -0.262235
439.940           1.48627      1.31007     0.975553    -0.266447
440.340           1.50926      1.32295     0.899615    -0.246670
440.741           1.53313      1.33618     0.835377    -0.208701
441.141           1.55766      1.34965     0.784962    -0.157677
441.542           1.58295      1.36346     0.749013   -0.0978621
441.942           1.60893      1.37762     0.727480   -0.0321686
442.342           1.63558      1.39214     0.720372    0.0371436
442.743           1.66291      1.40706     0.728000     0.108373
443.143           1.69083      1.42233     0.751231     0.179775
443.544           1.71918      1.43787     0.791652     0.249305
443.944           1.74794      1.45366     0.851388     0.313773
444.344           1.77720      1.46973     0.932677     0.368088
444.745           1.80698      1.48605      1.03725     0.404365
445.145           1.83725      1.50257      1.16369     0.410879
445.546           1.86801      1.51924      1.30408     0.372778
445.946           1.89914      1.53594      1.43882     0.276597
446.346           1.93062      1.55261      1.53627     0.120741
446.747           1.96238      1.56917      1.56336   -0.0733569
447.147           1.99469      1.58573      1.50658    -0.263317
447.548           2.02727      1.60211      1.38262    -0.408011
447.948           2.06014      1.61830      1.22657    -0.488286
448.348           2.09349      1.63440      1.07030    -0.508538
448.749           2.12705      1.65027     0.932302    -0.484050
449.149           2.16083      1.66595     0.819264    -0.430617
449.550           2.19492      1.68151     0.731213    -0.360174
449.950           2.22944      1.69705     0.665409    -0.280290
450.350           2.26410      1.71248     0.618806    -0.195246
450.751           2.29923      1.72799     0.588838    -0.107429
451.151           2.33453      1.74350     0.573830   -0.0177749
451.552           2.37009      1.75908     0.573014    0.0733475
451.952           2.40575      1.77470     0.586678     0.166031
452.352           2.44160      1.79043     0.616177     0.260191
452.753           2.47805      1.80646     0.664152     0.355411
453.153           2.51422      1.82238     0.735002     0.450050
453.554           2.55097      1.83857     0.834721     0.540315
453.954           2.58784      1.85480     0.971116     0.617840
454.354           2.62487      1.87103      1.15161     0.666326
454.755           2.66201      1.88722      1.37711     0.657403
455.155           2.69924      1.90329      1.62756     0.551267
455.556           2.73703      1.91939      1.84360     0.316614
455.956           2.77477      1.93521      1.93482   -0.0236706
456.356           2.81256      1.95075      1.84809    -0.370268
456.757           2.85065      1.96608      1.62585    -0.616531
457.157           2.88886      1.98110      1.36052    -0.728741
457.558           2.92714      1.99578      1.11877    -0.736032
457.958           2.96573      2.01023     0.924653    -0.680994
458.358           3.00436      2.02434     0.777899    -0.594875
458.759           3.04312      2.03819     0.670179    -0.495606
459.159           3.08185      2.05177     0.592750    -0.392085
459.560           3.12075      2.06521     0.538634    -0.288233
459.960           3.15982      2.07855     0.502884    -0.185248
460.360           3.19898      2.09183     0.482341   -0.0831072
460.761           3.23818      2.10509     0.475258    0.0189350
461.161           3.27785      2.11854     0.481103     0.121930
461.562           3.31715      2.13190     0.500653     0.226993
461.962           3.35661      2.14539     0.535947     0.335246
462.362           3.39619      2.15902     0.590796     0.447371
462.763           3.43606      2.17283     0.671339     0.563010
463.163           3.39755      2.15967     0.787551     0.667291
463.564           3.43684      2.17363     0.948967     0.773787
463.964           3.47669      2.18776      1.17373     0.852465
464.364           3.51606      2.20166      1.47293     0.861612
464.765           3.55586      2.21557      1.82644     0.731496
465.165           3.59532      2.22918      2.13660     0.395314
465.566           3.63518      2.24268      2.23648    -0.105338
465.966           3.67502      2.25588      2.05075    -0.574223
466.366           3.71488      2.26874      1.70054    -0.846049
466.767           3.75483      2.28127      1.34649    -0.921365
467.167           3.79471      2.29341      1.06153    -0.877803
467.568           3.83460      2.30519     0.852286    -0.779752
467.968           3.87444      2.31661     0.703566    -0.662259
468.368           3.91435      2.32774     0.599001    -0.541155
468.769           3.95426      2.33863     0.526065    -0.422458
469.169           3.99444      2.34940     0.476200    -0.307744
469.570           4.03445      2.35999     0.443919    -0.196679
469.970           4.07432      2.37048     0.425845   -0.0880868
470.370           4.11420      2.38098     0.420189    0.0195399
470.771           4.15408      2.39155     0.426460     0.127876
471.171           4.19437      2.40234     0.445374     0.238695
471.572           4.23421      2.41314     0.479092     0.353728
471.972           4.27406      2.42411     0.531521     0.474567
472.372           4.31393      2.43522     0.609224     0.602174
472.773           4.35376      2.44646     0.722743     0.735683
473.173           4.39360      2.45779     0.888406     0.869321
473.574           4.43345      2.46918      1.12961     0.985227
473.974           4.47328      2.48054      1.47198      1.03826
474.374           4.51312      2.49181      1.91355     0.935131
474.775           4.55298      2.50295      2.34503     0.554275
475.175           4.59283      2.51385      2.51021   -0.0876762
475.576           4.63226      2.52438      2.26572    -0.695401
475.976           4.67183      2.53461      1.80671     -1.01386
476.376           4.71160      2.54454      1.37326     -1.07152
476.777           4.75104      2.55402      1.04765    -0.994152
477.177           4.79053      2.56314     0.821096    -0.866446
477.578           4.82972      2.57183     0.666214    -0.727045
477.978           4.86915      2.58029     0.560141    -0.590467
478.378           4.90839      2.58845     0.487436    -0.460890
478.779           4.94789      2.59648     0.438198    -0.338410
479.179           4.98674      2.60425     0.406336    -0.221631
479.580           5.02598      2.61207     0.388149    -0.108688
479.980           5.06483      2.61984     0.381705   0.00245568
480.380           5.10409      2.62781     0.386330     0.113871
480.781           5.14272      2.63579     0.402608     0.227689
481.181           5.18176      2.64405     0.432372     0.346113
481.582           5.22044      2.65245     0.479250     0.471367
481.982           5.25918      2.66107     0.549396     0.605476
482.382           5.29757      2.66981     0.653021     0.749399
482.783           5.33607      2.67873     0.806726     0.900753
483.183           5.37465      2.68778      1.03671      1.04757
483.584           5.41290      2.69680      1.37908      1.15266
483.984           5.45127      2.70581      1.85962      1.12288
484.384           5.48940      2.71466      2.40615     0.792899
484.785           5.52752      2.72333      2.72031    0.0843201
485.185           5.56547      2.73172      2.51407    -0.683745
485.586           5.60349      2.73981      1.98075     -1.10746
485.986           5.64124      2.74750      1.46518     -1.18832
486.386           5.67875      2.75478      1.08754     -1.09908
486.787           5.71646      2.76172     0.832900    -0.952945
487.187           5.75389      2.76826     0.663361    -0.797457
487.588           5.79148      2.77451     0.549476    -0.648575
487.988           5.82852      2.78040     0.472325    -0.509937
488.388           5.86604      2.78618     0.420229    -0.380879
488.789           5.90302      2.79175     0.386163    -0.259370
489.189           5.93987      2.79726     0.365908    -0.143037
489.590           5.97689      2.80284     0.357137   -0.0295097
489.990           6.01375      2.80852     0.358909    0.0835469
490.390           6.05048      2.81435     0.371449     0.198487
490.791           6.08709      2.82038     0.396206     0.317731
491.191           6.12354      2.82664     0.436192     0.443858
491.592           6.15991      2.83315     0.496701     0.579513
491.992           6.19617      2.83989     0.586657     0.726948
492.392           6.23236      2.84683     0.721004     0.886564
492.793           6.26849      2.85393     0.924538      1.05250
493.193           6.30417      2.86104      1.23602      1.20024
493.594           6.34017      2.86823      1.70161      1.25634
493.994           6.37582      2.87530      2.31145      1.05224
494.394           6.41144      2.88223      2.81894     0.395532
494.795           6.44704      2.88894      2.77945    -0.516158
495.195           6.48231      2.89531      2.23194     -1.11870
495.596           6.51762      2.90136      1.62795     -1.27834
495.996           6.55263      2.90699      1.17927     -1.20130
496.396           6.58768      2.91226     0.881719     -1.04553
496.797           6.62282      2.91719     0.687678    -0.876879
497.197           6.65732      2.92167     0.559597    -0.716479
497.598           6.69195      2.92590     0.473754    -0.568886
497.998           6.72673      2.92994     0.415942    -0.433173
498.398           6.76097      2.93376     0.377700    -0.306864
498.799           6.79534      2.93755     0.353987    -0.187219
499.199           6.82952      2.94135     0.341951   -0.0715775
499.600           6.86359      2.94524     0.340227    0.0425995
500.000           6.89728      2.94927     0.348631     0.157708
