#     MHz     10*Log10(L.P)   Imag(A.Z)
15.8500          -19.0919     -895.145
15.8502          -19.0897     -894.914
15.8503          -19.0874     -894.682
15.8505          -19.0852     -894.449
15.8506          -19.0830     -894.215
15.8508          -19.0807     -893.980
15.8509          -19.0785     -893.744
15.8511          -19.0762     -893.508
15.8512          -19.0739     -893.270
15.8514          -19.0716     -893.031
15.8515          -19.0693     -892.792
15.8517          -19.0670     -892.551
15.8518          -19.0647     -892.309
15.8520          -19.0623     -892.067
15.8521          -19.0600     -891.823
15.8523          -19.0577     -891.579
15.8524          -19.0553     -891.334
15.8526          -19.0529     -891.087
15.8527          -19.0505     -890.840
15.8529          -19.0481     -890.591
15.8530          -19.0457     -890.342
15.8532          -19.0433     -890.091
15.8533          -19.0409     -889.839
15.8535          -19.0385     -889.587
15.8536          -19.0360     -889.333
15.8538          -19.0336     -889.078
15.8539          -19.0311     -888.823
15.8541          -19.0286     -888.566
15.8542          -19.0261     -888.308
15.8544          -19.0236     -888.049
15.8545          -19.0211     -887.789
15.8547          -19.0186     -887.528
15.8548          -19.0161     -887.266
15.8550          -19.0135     -887.002
15.8551          -19.0110     -886.738
15.8553          -19.0084     -886.472
15.8554          -19.0058     -886.205
15.8556          -19.0032     -885.937
15.8557          -19.0006     -885.668
15.8559          -18.9980     -885.398
15.8560          -18.9954     -885.127
15.8562          -18.9927     -884.854
15.8563          -18.9901     -884.581
15.8565          -18.9874     -884.306
15.8566          -18.9847     -884.030
15.8568          -18.9821     -883.753
15.8569          -18.9794     -883.474
15.8571          -18.9766     -883.194
15.8572          -18.9739     -882.914
15.8574          -18.9712     -882.631
15.8575          -18.9684     -882.348
15.8577          -18.9657     -882.063
15.8578          -18.9629     -881.778
15.8580          -18.9601     -881.490
15.8581          -18.9573     -881.202
15.8583          -18.9545     -880.912
15.8584          -18.9516     -880.621
15.8586          -18.9488     -880.329
15.8587          -18.9459     -880.035
15.8589          -18.9430     -879.740
15.8590          -18.9402     -879.444
15.8592          -18.9373     -879.147
15.8593          -18.9343     -878.848
15.8595          -18.9314     -878.547
15.8596          -18.9285     -878.246
15.8598          -18.9255     -877.943
15.8599          -18.9225     -877.638
15.8601          -18.9196     -877.332
15.8602          -18.9166     -877.025
15.8604          -18.9135     -876.716
15.8605          -18.9105     -876.406
15.8607          -18.9075     -876.095
15.8608          -18.9044     -875.782
15.8610          -18.9013     -875.467
15.8611          -18.8982     -875.151
15.8613          -18.8951     -874.834
15.8614          -18.8920     -874.515
15.8616          -18.8888     -874.195
15.8617          -18.8857     -873.873
15.8619          -18.8825     -873.549
15.8620          -18.8793     -873.224
15.8622          -18.8761     -872.898
15.8623          -18.8729     -872.570
15.8625          -18.8697     -872.240
15.8626          -18.8664     -871.909
15.8628          -18.8631     -871.576
15.8629          -18.8599     -871.242
15.8631          -18.8565     -870.906
15.8632          -18.8532     -870.568
15.8634          -18.8499     -870.229
15.8635          -18.8465     -869.888
15.8637          -18.8431     -869.545
15.8638          -18.8398     -869.201
15.8640          -18.8363     -868.855
15.8641          -18.8329     -868.508
15.8643          -18.8295     -868.158
15.8644          -18.8260     -867.807
15.8646          -18.8225     -867.454
15.8647          -18.8190     -867.100
15.8649          -18.8155     -866.743
15.8650          -18.8120     -866.385
15.8652          -18.8084     -866.025
15.8653          -18.8048     -865.663
15.8655          -18.8012     -865.300
15.8656          -18.7976     -864.934
15.8658          -18.7940     -864.567
15.8659          -18.7903     -864.198
15.8661          -18.7866     -863.827
15.8662          -18.7829     -863.454
15.8664          -18.7792     -863.079
15.8665          -18.7755     -862.702
15.8667          -18.7717     -862.324
15.8668          -18.7679     -861.943
15.8670          -18.7641     -861.560
15.8671          -18.7603     -861.176
15.8673          -18.7564     -860.789
15.8674          -18.7526     -860.400
15.8676          -18.7487     -860.010
15.8677          -18.7448     -859.617
15.8679          -18.7408     -859.222
15.8680          -18.7369     -858.825
15.8682          -18.7329     -858.426
15.8683          -18.7289     -858.025
15.8685          -18.7249     -857.622
15.8686          -18.7208     -857.216
15.8688          -18.7167     -856.809
15.8689          -18.7126     -856.399
15.8691          -18.7085     -855.987
15.8692          -18.7044     -855.573
15.8694          -18.7002     -855.156
15.8695          -18.6960     -854.738
15.8697          -18.6918     -854.317
15.8698          -18.6875     -853.893
15.8700          -18.6833     -853.468
15.8701          -18.6790     -853.040
15.8703          -18.6747     -852.609
15.8704          -18.6703     -852.176
15.8706          -18.6659     -851.741
15.8707          -18.6615     -851.304
15.8709          -18.6571     -850.864
15.8710          -18.6527     -850.421
15.8712          -18.6482     -849.976
15.8713          -18.6437     -849.529
15.8715          -18.6391     -849.079
15.8716          -18.6346     -848.626
15.8718          -18.6300     -848.171
15.8719          -18.6253     -847.713
15.8721          -18.6207     -847.253
15.8722          -18.6160     -846.790
15.8724          -18.6113     -846.324
15.8725          -18.6066     -845.856
15.8727          -18.6018     -845.385
15.8728          -18.5970     -844.911
15.8730          -18.5922     -844.435
15.8731          -18.5873     -843.955
15.8733          -18.5824     -843.473
15.8734          -18.5775     -842.988
15.8736          -18.5725     -842.500
15.8737          -18.5675     -842.009
15.8739          -18.5625     -841.516
15.8740          -18.5575     -841.019
15.8742          -18.5524     -840.520
15.8743          -18.5473     -840.017
15.8745          -18.5421     -839.511
15.8746          -18.5369     -839.003
15.8748          -18.5317     -838.491
15.8749          -18.5264     -837.976
15.8751          -18.5211     -837.458
15.8752          -18.5158     -836.937
15.8754          -18.5105     -836.413
15.8755          -18.5051     -835.885
15.8757          -18.4996     -835.354
15.8758          -18.4941     -834.820
15.8760          -18.4886     -834.283
15.8761          -18.4831     -833.742
15.8763          -18.4775     -833.198
15.8764          -18.4719     -832.650
15.8766          -18.4662     -832.099
15.8767          -18.4605     -831.545
15.8769          -18.4548     -830.987
15.8770          -18.4490     -830.425
15.8772          -18.4432     -829.860
15.8773          -18.4373     -829.291
15.8775          -18.4314     -828.719
15.8776          -18.4254     -828.143
15.8778          -18.4194     -827.563
15.8779          -18.4134     -826.979
15.8781          -18.4073     -826.392
15.8782          -18.4012     -825.801
15.8784          -18.3950     -825.206
15.8785          -18.3888     -824.607
15.8787          -18.3826     -824.004
15.8788          -18.3763     -823.397
15.8790          -18.3699     -822.786
15.8791          -18.3635     -822.171
15.8793          -18.3571     -821.552
15.8794          -18.3506     -820.928
15.8796          -18.3440     -820.301
15.8797          -18.3374     -819.669
15.8799          -18.3308     -819.033
15.8800          -18.3241     -818.392
15.8802          -18.3174     -817.748
15.8803          -18.3106     -817.098
15.8805          -18.3037     -816.445
15.8806          -18.2968     -815.786
15.8808          -18.2899     -815.124
15.8809          -18.2829     -814.456
15.8811          -18.2758     -813.784
15.8812          -18.2687     -813.107
15.8814          -18.2615     -812.426
15.8815          -18.2543     -811.740
15.8817          -18.2470     -811.048
15.8818          -18.2397     -810.352
15.8820          -18.2323     -809.651
15.8821          -18.2248     -808.945
15.8823          -18.2173     -808.234
15.8824          -18.2097     -807.517
15.8826          -18.2021     -806.796
15.8827          -18.1944     -806.069
15.8829          -18.1866     -805.337
15.8830          -18.1788     -804.600
15.8832          -18.1709     -803.857
15.8833          -18.1629     -803.108
15.8835          -18.1549     -802.354
15.8836          -18.1468     -801.595
15.8838          -18.1386     -800.830
15.8839          -18.1304     -800.059
15.8841          -18.1221     -799.282
15.8842          -18.1137     -798.499
15.8844          -18.1053     -797.710
15.8845          -18.0968     -796.916
15.8847          -18.0882     -796.115
15.8848          -18.0795     -795.308
15.8850          -18.0708     -794.495
15.8851          -18.0620     -793.676
15.8853          -18.0531     -792.850
15.8854          -18.0441     -792.018
15.8856          -18.0351     -791.179
15.8857          -18.0259     -790.334
15.8859          -18.0167     -789.482
15.8860          -18.0074     -788.623
15.8862          -17.9980     -787.757
15.8863          -17.9886     -786.885
15.8865          -17.9790     -786.005
15.8866          -17.9694     -785.119
15.8868          -17.9597     -784.225
15.8869          -17.9498     -783.324
15.8871          -17.9399     -782.415
15.8872          -17.9299     -781.499
15.8874          -17.9198     -780.576
15.8875          -17.9096     -779.645
15.8877          -17.8993     -778.706
15.8878          -17.8890     -777.759
15.8880          -17.8785     -776.805
15.8881          -17.8679     -775.842
15.8883          -17.8572     -774.871
15.8884          -17.8464     -773.892
15.8886          -17.8355     -772.905
15.8887          -17.8245     -771.909
15.8889          -17.8134     -770.904
15.8890          -17.8022     -769.891
15.8892          -17.7908     -768.869
15.8893          -17.7794     -767.839
15.8895          -17.7678     -766.799
15.8896          -17.7562     -765.750
15.8898          -17.7444     -764.691
15.8899          -17.7324     -763.624
15.8901          -17.7204     -762.547
15.8902          -17.7082     -761.460
15.8904          -17.6959     -760.363
15.8905          -17.6835     -759.256
15.8907          -17.6710     -758.140
15.8908          -17.6583     -757.013
15.8910          -17.6454     -755.876
15.8911          -17.6325     -754.728
15.8913          -17.6194     -753.570
15.8914          -17.6062     -752.401
15.8916          -17.5928     -751.221
15.8917          -17.5792     -750.030
15.8919          -17.5656     -748.828
15.8920          -17.5517     -747.614
15.8922          -17.5378     -746.389
15.8923          -17.5236     -745.152
15.8925          -17.5093     -743.903
15.8926          -17.4949     -742.642
15.8928          -17.4802     -741.368
15.8929          -17.4655     -740.083
15.8931          -17.4505     -738.784
15.8932          -17.4354     -737.473
15.8934          -17.4201     -736.149
15.8935          -17.4046     -734.812
15.8937          -17.3889     -733.461
15.8938          -17.3730     -732.097
15.8940          -17.3570     -730.719
15.8941          -17.3408     -729.326
15.8943          -17.3243     -727.920
15.8944          -17.3077     -726.499
15.8946          -17.2908     -725.063
15.8947          -17.2738     -723.613
15.8949          -17.2565     -722.147
15.8950          -17.2391     -720.666
15.8952          -17.2214     -719.170
15.8953          -17.2035     -717.657
15.8955          -17.1853     -716.128
15.8956          -17.1669     -714.583
15.8958          -17.1483     -713.021
15.8959          -17.1295     -711.443
15.8961          -17.1104     -709.847
15.8962          -17.0910     -708.233
15.8964          -17.0714     -706.602
15.8965          -17.0515     -704.952
15.8967          -17.0314     -703.285
15.8968          -17.0110     -701.598
15.8970          -16.9903     -699.893
15.8971          -16.9693     -698.168
15.8973          -16.9481     -696.423
15.8974          -16.9265     -694.658
15.8976          -16.9046     -692.873
15.8977          -16.8825     -691.068
15.8979          -16.8600     -689.241
15.8980          -16.8372     -687.392
15.8982          -16.8140     -685.522
15.8983          -16.7906     -683.630
15.8985          -16.7668     -681.714
15.8986          -16.7426     -679.776
15.8988          -16.7181     -677.814
15.8989          -16.6932     -675.829
15.8991          -16.6679     -673.819
15.8992          -16.6422     -671.784
15.8994          -16.6162     -669.724
15.8995          -16.5897     -667.638
15.8997          -16.5629     -665.526
15.8998          -16.5356     -663.387
15.9000          -16.5078     -661.220
15.9002          -16.4797     -659.026
15.9003          -16.4511     -656.804
15.9005          -16.4220     -654.553
15.9006          -16.3924     -652.272
15.9008          -16.3623     -649.961
15.9009          -16.3318     -647.620
15.9011          -16.3007     -645.247
15.9012          -16.2691     -642.843
15.9014          -16.2370     -640.406
15.9015          -16.2043     -637.936
15.9017          -16.1710     -635.431
15.9018          -16.1372     -632.893
15.9020          -16.1027     -630.318
15.9021          -16.0676     -627.708
15.9023          -16.0319     -625.061
15.9024          -15.9955     -622.377
15.9026          -15.9585     -619.653
15.9027          -15.9208     -616.891
15.9029          -15.8823     -614.089
15.9030          -15.8432     -611.245
15.9032          -15.8032     -608.360
15.9033          -15.7626     -605.431
15.9035          -15.7211     -602.459
15.9036          -15.6787     -599.442
15.9038          -15.6356     -596.379
15.9039          -15.5915     -593.269
15.9041          -15.5466     -590.112
15.9042          -15.5007     -586.905
15.9044          -15.4539     -583.648
15.9045          -15.4061     -580.339
15.9047          -15.3572     -576.978
15.9048          -15.3073     -573.562
15.9050          -15.2563     -570.092
15.9051          -15.2042     -566.565
15.9053          -15.1509     -562.979
15.9054          -15.0964     -559.335
15.9056          -15.0407     -555.629
15.9057          -14.9836     -551.860
15.9059          -14.9253     -548.028
15.9060          -14.8655     -544.129
15.9062          -14.8043     -540.164
15.9063          -14.7415     -536.128
15.9065          -14.6773     -532.022
15.9066          -14.6114     -527.843
15.9068          -14.5438     -523.589
15.9069          -14.4745     -519.257
15.9071          -14.4034     -514.847
15.9072          -14.3304     -510.355
15.9074          -14.2555     -505.779
15.9075          -14.1785     -501.118
15.9077          -14.0993     -496.368
15.9078          -14.0180     -491.527
15.9080          -13.9343     -486.592
15.9081          -13.8481     -481.561
15.9083          -13.7595     -476.431
15.9084          -13.6682     -471.198
15.9086          -13.5741     -465.861
15.9087          -13.4771     -460.414
15.9089          -13.3770     -454.856
15.9090          -13.2737     -449.182
15.9092          -13.1671     -443.390
15.9093          -13.0569     -437.474
15.9095          -12.9430     -431.432
15.9096          -12.8252     -425.259
15.9098          -12.7032     -418.951
15.9099          -12.5769     -412.503
15.9101          -12.4460     -405.911
15.9102          -12.3102     -399.169
15.9104          -12.1692     -392.273
15.9105          -12.0227     -385.218
15.9107          -11.8705     -377.997
15.9108          -11.7120     -370.604
15.9110          -11.5470     -363.034
15.9111          -11.3750     -355.280
15.9113          -11.1956     -347.335
15.9114          -11.0081     -339.193
15.9116          -10.8121     -330.845
15.9117          -10.6070     -322.283
15.9119          -10.3920     -313.501
15.9120          -10.1665     -304.487
15.9122          -9.92957     -295.235
15.9123          -9.68041     -285.733
15.9125          -9.41801     -275.972
15.9126          -9.14129     -265.940
15.9128          -8.84907     -255.627
15.9129          -8.54004     -245.021
15.9131          -8.21279     -234.108
15.9132          -7.86579     -222.876
15.9134          -7.49739     -211.309
15.9135          -7.10586     -199.393
15.9137          -6.68945     -187.112
15.9138          -6.24645     -174.449
15.9140          -5.77543     -161.385
15.9141          -5.27547     -147.902
15.9143          -4.74671     -133.978
15.9144          -4.19116     -119.591
15.9146          -3.61399     -104.719
15.9147          -3.02563     -89.3367
15.9149          -2.44449     -73.4165
15.9150          -1.90045     -56.9300
15.9152          -1.43733     -39.8466
15.9153          -1.11156     -22.1330
15.9155         -0.982400     -3.75395
15.9156          -1.09328      15.3290
15.9158          -1.45306      35.1569
15.9159          -2.03179      55.7744
15.9161          -2.77469      77.2296
15.9162          -3.62256      99.5747
15.9164          -4.52578      122.866
15.9165          -5.44888      147.165
15.9167          -6.36914      172.539
15.9168          -7.27333      199.061
15.9170          -8.15458      226.809
15.9171          -9.00998      255.873
15.9173          -9.83901      286.346
15.9174          -10.6425      318.335
15.9176          -11.4221      351.955
15.9177          -12.1796      387.334
15.9179          -12.9173      424.615
15.9180          -13.6373      463.954
15.9182          -14.3415      505.527
15.9183          -15.0322      549.530
15.9185          -15.7111      596.182
15.9186          -16.3802      645.730
15.9188          -17.0412      698.452
15.9189          -17.6958      754.662
15.9191          -18.3457      814.720
15.9192          -18.9926      879.034
15.9194          -19.6380      948.072
15.9195          -20.2836      1022.38
15.9197          -20.9311      1102.57
15.9198          -21.5820      1189.38
15.9200          -22.2382      1283.67
15.9201          -22.9017      1386.44
15.9203          -23.5742      1498.89
15.9204          -24.2581      1622.45
15.9206          -24.9558      1758.86
15.9207          -25.6699      1910.23
15.9209          -26.4034      2079.14
15.9210          -27.1599      2268.85
15.9212          -27.9434      2483.43
15.9213          -28.7587      2728.11
15.9215          -29.6115      3009.68
15.9216          -30.5089      3337.15
15.9218          -31.4595      3722.68
15.9219          -32.4745      4183.16
15.9221          -33.5681      4742.69
15.9222          -34.7596      5436.83
15.9224          -36.0754      6320.37
15.9225          -37.5533      7482.07
15.9227          -39.2506      9075.36
15.9228          -41.2592      11388.2
15.9230          -43.7402      15022.2
15.9231          -47.0098      21405.1
15.9233          -51.7623      33810.4
15.9234          -58.0634      20548.1
15.9236          -54.2823     -41281.2
15.9237          -49.0679     -26895.2
15.9239          -45.7093     -18850.4
15.9240          -43.3255     -14476.5
15.9242          -41.5020     -11789.8
15.9243          -40.0373     -9984.68
15.9245          -38.8208     -8692.22
15.9246          -37.7856     -7722.57
15.9248          -36.8883     -6968.82
15.9249          -36.0992     -6366.37
15.9252          -34.7671     -5464.08
15.9254          -34.1967     -5117.60
15.9255          -33.6768     -4820.91
15.9257          -33.2003     -4564.01
15.9258          -32.7613     -4339.42
15.9260          -32.3551     -4141.40
15.9261          -31.9777     -3965.52
15.9263          -31.6259     -3808.25
15.9264          -31.2969     -3666.80
15.9266          -30.9883     -3538.89
15.9267          -30.6981     -3422.68
15.9269          -30.4246     -3316.62
15.9270          -30.1662     -3219.45
15.9272          -29.9217     -3130.08
15.9273          -29.6898     -3047.63
15.9275          -29.4696     -2971.31
15.9276          -29.2600     -2900.47
15.9278          -29.0603     -2834.54
15.9279          -28.8698     -2773.02
15.9281          -28.6877     -2715.49
15.9282          -28.5136     -2661.57
15.9284          -28.3468     -2610.92
15.9285          -28.1870     -2563.27
15.9287          -28.0335     -2518.36
15.9288          -27.8861     -2475.95
15.9290          -27.7443     -2435.84
15.9291          -27.6079     -2397.84
15.9293          -27.4765     -2361.81
15.9294          -27.3498     -2327.58
15.9296          -27.2276     -2295.02
15.9297          -27.1097     -2264.02
15.9299          -26.9957     -2234.47
15.9300          -26.8855     -2206.27
15.9302          -26.7789     -2179.32
15.9303          -26.6757     -2153.55
15.9305          -26.5757     -2128.87
15.9306          -26.4789     -2105.23
15.9308          -26.3850     -2082.56
15.9309          -26.2939     -2060.79
15.9311          -26.2054     -2039.88
15.9312          -26.1196     -2019.78
15.9314          -26.0361     -2000.44
15.9315          -25.9550     -1981.82
15.9317          -25.8762     -1963.87
15.9318          -25.7994     -1946.57
15.9320          -25.7248     -1929.87
15.9321          -25.6521     -1913.75
15.9323          -25.5813     -1898.18
15.9324          -25.5123     -1883.13
15.9326          -25.4450     -1868.58
15.9327          -25.3794     -1854.49
15.9329          -25.3155     -1840.85
15.9330          -25.2530     -1827.64
15.9332          -25.1921     -1814.84
15.9333          -25.1326     -1802.43
15.9335          -25.0746     -1790.38
15.9336          -25.0178     -1778.69
15.9338          -24.9623     -1767.34
15.9339          -24.9081     -1756.32
15.9341          -24.8551     -1745.61
15.9342          -24.8033     -1735.19
15.9344          -24.7526     -1725.06
15.9345          -24.7029     -1715.21
15.9347          -24.6544     -1705.61
15.9348          -24.6068     -1696.27
15.9350          -24.5602     -1687.18
15.9351          -24.5146     -1678.31
15.9353          -24.4699     -1669.67
15.9354          -24.4261     -1661.25
15.9356          -24.3832     -1653.04
15.9357          -24.3411     -1645.02
15.9359          -24.2998     -1637.20
15.9360          -24.2594     -1629.57
15.9362          -24.2197     -1622.11
15.9363          -24.1807     -1614.83
15.9365          -24.1425     -1607.72
15.9366          -24.1050     -1600.76
15.9368          -24.0681     -1593.97
15.9369          -24.0320     -1587.32
15.9371          -23.9965     -1580.83
15.9372          -23.9616     -1574.47
15.9374          -23.9273     -1568.25
15.9375          -23.8937     -1562.16
15.9377          -23.8606     -1556.20
15.9378          -23.8280     -1550.36
15.9380          -23.7961     -1544.65
15.9381          -23.7647     -1539.05
15.9383          -23.7338     -1533.56
15.9384          -23.7034     -1528.19
15.9386          -23.6735     -1522.92
15.9387          -23.6441     -1517.75
15.9389          -23.6151     -1512.69
15.9390          -23.5867     -1507.72
15.9392          -23.5587     -1502.84
15.9393          -23.5311     -1498.06
15.9395          -23.5039     -1493.37
15.9396          -23.4772     -1488.76
15.9398          -23.4509     -1484.24
15.9399          -23.4250     -1479.80
15.9401          -23.3995     -1475.44
15.9402          -23.3743     -1471.16
15.9404          -23.3496     -1466.96
15.9405          -23.3252     -1462.83
15.9407          -23.3011     -1458.77
15.9408          -23.2774     -1454.78
15.9410          -23.2541     -1450.85
15.9411          -23.2311     -1447.00
15.9413          -23.2084     -1443.21
15.9414          -23.1860     -1439.48
15.9416          -23.1640     -1435.81
15.9417          -23.1422     -1432.21
15.9419          -23.1208     -1428.66
15.9420          -23.0996     -1425.17
15.9422          -23.0787     -1421.73
15.9423          -23.0581     -1418.35
15.9425          -23.0378     -1415.03
15.9426          -23.0178     -1411.75
15.9428          -22.9980     -1408.53
15.9429          -22.9785     -1405.35
15.9431          -22.9593     -1402.23
15.9432          -22.9403     -1399.15
15.9434          -22.9215     -1396.11
15.9435          -22.9030     -1393.12
15.9437          -22.8847     -1390.18
15.9438          -22.8666     -1387.28
15.9440          -22.8488     -1384.42
15.9441          -22.8312     -1381.61
15.9443          -22.8138     -1378.83
15.9444          -22.7966     -1376.09
15.9446          -22.7796     -1373.39
15.9447          -22.7629     -1370.73
15.9449          -22.7463     -1368.11
15.9450          -22.7300     -1365.52
15.9452          -22.7138     -1362.97
15.9453          -22.6978     -1360.46
15.9455          -22.6821     -1357.97
15.9456          -22.6665     -1355.53
15.9458          -22.6510     -1353.11
15.9459          -22.6358     -1350.73
15.9461          -22.6207     -1348.37
15.9462          -22.6058     -1346.05
15.9464          -22.5911     -1343.76
15.9465          -22.5766     -1341.50
15.9467          -22.5622     -1339.27
15.9468          -22.5479     -1337.06
15.9470          -22.5339     -1334.89
15.9471          -22.5199     -1332.74
15.9473          -22.5062     -1330.62
15.9474          -22.4926     -1328.52
15.9476          -22.4791     -1326.45
15.9477          -22.4658     -1324.41
15.9479          -22.4526     -1322.39
15.9480          -22.4395     -1320.40
15.9482          -22.4266     -1318.43
15.9483          -22.4139     -1316.48
15.9485          -22.4012     -1314.56
15.9486          -22.3887     -1312.66
15.9488          -22.3764     -1310.78
15.9489          -22.3641     -1308.92
15.9491          -22.3520     -1307.09
15.9492          -22.3400     -1305.27
15.9494          -22.3282     -1303.48
15.9495          -22.3164     -1301.71
15.9497          -22.3048     -1299.96
15.9498          -22.2933     -1298.23
15.9500          -22.2819     -1296.51
15.9502          -22.2706     -1294.82
15.9503          -22.2594     -1293.15
15.9505          -22.2483     -1291.49
15.9506          -22.2374     -1289.85
15.9508          -22.2265     -1288.23
15.9509          -22.2158     -1286.63
15.9511          -22.2051     -1285.05
15.9512          -22.1946     -1283.48
15.9514          -22.1841     -1281.93
15.9515          -22.1738     -1280.39
15.9517          -22.1635     -1278.87
15.9518          -22.1534     -1277.37
15.9520          -22.1433     -1275.89
15.9521          -22.1334     -1274.41
15.9523          -22.1235     -1272.96
15.9524          -22.1137     -1271.52
15.9526          -22.1040     -1270.09
15.9527          -22.0944     -1268.68
15.9529          -22.0849     -1267.28
15.9530          -22.0755     -1265.90
15.9532          -22.0661     -1264.53
15.9533          -22.0569     -1263.18
15.9535          -22.0477     -1261.83
15.9536          -22.0386     -1260.51
15.9538          -22.0296     -1259.19
15.9539          -22.0206     -1257.89
15.9541          -22.0118     -1256.60
15.9542          -22.0030     -1255.32
15.9544          -21.9943     -1254.05
15.9545          -21.9857     -1252.80
15.9547          -21.9771     -1251.56
15.9548          -21.9686     -1250.33
15.9550          -21.9602     -1249.11
15.9551          -21.9519     -1247.91
15.9553          -21.9436     -1246.71
15.9554          -21.9354     -1245.53
15.9556          -21.9273     -1244.35
15.9557          -21.9192     -1243.19
15.9559          -21.9112     -1242.04
15.9560          -21.9033     -1240.90
15.9562          -21.8954     -1239.77
15.9563          -21.8876     -1238.65
15.9565          -21.8798     -1237.54
15.9566          -21.8722     -1236.44
15.9568          -21.8646     -1235.35
15.9569          -21.8570     -1234.27
15.9571          -21.8495     -1233.20
15.9572          -21.8421     -1232.14
15.9574          -21.8347     -1231.08
15.9575          -21.8274     -1230.04
15.9577          -21.8201     -1229.01
15.9578          -21.8129     -1227.98
15.9580          -21.8058     -1226.97
15.9581          -21.7987     -1225.96
15.9583          -21.7916     -1224.96
15.9584          -21.7847     -1223.97
15.9586          -21.7777     -1222.99
15.9587          -21.7709     -1222.01
15.9589          -21.7640     -1221.05
15.9590          -21.7573     -1220.09
15.9592          -21.7506     -1219.14
15.9593          -21.7439     -1218.20
15.9595          -21.7373     -1217.27
15.9596          -21.7307     -1216.34
15.9598          -21.7242     -1215.42
15.9599          -21.7177     -1214.51
15.9601          -21.7113     -1213.61
15.9602          -21.7049     -1212.71
15.9604          -21.6986     -1211.82
15.9605          -21.6923     -1210.94
15.9607          -21.6861     -1210.07
15.9608          -21.6799     -1209.20
15.9610          -21.6737     -1208.34
15.9611          -21.6676     -1207.48
15.9613          -21.6616     -1206.63
15.9614          -21.6555     -1205.79
15.9616          -21.6496     -1204.96
15.9617          -21.6436     -1204.13
15.9619          -21.6377     -1203.31
15.9620          -21.6319     -1202.49
15.9622          -21.6261     -1201.69
15.9623          -21.6203     -1200.88
15.9625          -21.6146     -1200.09
15.9626          -21.6089     -1199.30
15.9628          -21.6033     -1198.51
15.9629          -21.5977     -1197.73
15.9631          -21.5921     -1196.96
15.9632          -21.5866     -1196.19
15.9634          -21.5811     -1195.43
15.9635          -21.5756     -1194.67
15.9637          -21.5702     -1193.92
15.9638          -21.5648     -1193.18
15.9640          -21.5594     -1192.44
15.9641          -21.5541     -1191.71
15.9643          -21.5489     -1190.98
15.9644          -21.5436     -1190.25
15.9646          -21.5384     -1189.54
15.9647          -21.5332     -1188.82
15.9649          -21.5281     -1188.12
15.9650          -21.5230     -1187.41
15.9652          -21.5179     -1186.71
15.9653          -21.5129     -1186.02
15.9655          -21.5079     -1185.33
15.9656          -21.5029     -1184.65
15.9658          -21.4980     -1183.97
15.9659          -21.4931     -1183.30
15.9661          -21.4882     -1182.63
15.9662          -21.4833     -1181.97
15.9664          -21.4785     -1181.31
15.9665          -21.4737     -1180.65
15.9667          -21.4690     -1180.00
15.9668          -21.4642     -1179.35
15.9670          -21.4595     -1178.71
15.9671          -21.4549     -1178.07
15.9673          -21.4502     -1177.44
15.9674          -21.4456     -1176.81
15.9676          -21.4411     -1176.19
15.9677          -21.4365     -1175.57
15.9679          -21.4320     -1174.95
15.9680          -21.4275     -1174.34
15.9682          -21.4230     -1173.73
15.9683          -21.4186     -1173.13
15.9685          -21.4142     -1172.53
15.9686          -21.4098     -1171.93
15.9688          -21.4054     -1171.34
15.9689          -21.4011     -1170.75
15.9691          -21.3968     -1170.16
15.9692          -21.3925     -1169.58
15.9694          -21.3882     -1169.00
15.9695          -21.3840     -1168.43
15.9697          -21.3798     -1167.86
15.9698          -21.3756     -1167.29
15.9700          -21.3714     -1166.73
15.9701          -21.3673     -1166.17
15.9703          -21.3632     -1165.62
15.9704          -21.3591     -1165.07
15.9706          -21.3550     -1164.52
15.9707          -21.3510     -1163.97
15.9709          -21.3470     -1163.43
15.9710          -21.3430     -1162.89
15.9712          -21.3390     -1162.36
15.9713          -21.3351     -1161.82
15.9715          -21.3311     -1161.30
15.9716          -21.3272     -1160.77
15.9718          -21.3234     -1160.25
15.9719          -21.3195     -1159.73
15.9721          -21.3157     -1159.21
15.9722          -21.3119     -1158.70
15.9724          -21.3081     -1158.19
15.9725          -21.3043     -1157.68
15.9727          -21.3005     -1157.18
15.9728          -21.2968     -1156.68
15.9730          -21.2931     -1156.18
15.9731          -21.2894     -1155.69
15.9733          -21.2857     -1155.20
15.9734          -21.2821     -1154.71
15.9736          -21.2785     -1154.22
15.9737          -21.2748     -1153.74
15.9739          -21.2713     -1153.26
15.9740          -21.2677     -1152.78
15.9742          -21.2641     -1152.31
15.9743          -21.2606     -1151.83
15.9745          -21.2571     -1151.37
15.9746          -21.2536     -1150.90
15.9748          -21.2501     -1150.43
15.9749          -21.2467     -1149.97
15.9751          -21.2432     -1149.52
15.9752          -21.2398     -1149.06
15.9754          -21.2364     -1148.61
15.9755          -21.2330     -1148.15
15.9757          -21.2296     -1147.71
15.9758          -21.2263     -1147.26
15.9760          -21.2230     -1146.82
15.9761          -21.2197     -1146.38
15.9763          -21.2164     -1145.94
15.9764          -21.2131     -1145.50
15.9766          -21.2098     -1145.07
15.9767          -21.2066     -1144.64
15.9769          -21.2033     -1144.21
15.9770          -21.2001     -1143.78
15.9772          -21.1969     -1143.36
15.9773          -21.1937     -1142.94
15.9775          -21.1906     -1142.52
15.9776          -21.1874     -1142.10
15.9778          -21.1843     -1141.69
15.9779          -21.1812     -1141.27
15.9781          -21.1781     -1140.86
15.9782          -21.1750     -1140.45
15.9784          -21.1719     -1140.05
15.9785          -21.1689     -1139.64
15.9787          -21.1658     -1139.24
15.9788          -21.1628     -1138.84
15.9790          -21.1598     -1138.45
15.9791          -21.1568     -1138.05
15.9793          -21.1538     -1137.66
15.9794          -21.1508     -1137.27
15.9796          -21.1479     -1136.88
15.9797          -21.1450     -1136.49
15.9799          -21.1420     -1136.10
15.9800          -21.1391     -1135.72
15.9802          -21.1362     -1135.34
15.9803          -21.1334     -1134.96
15.9805          -21.1305     -1134.58
15.9806          -21.1276     -1134.21
15.9808          -21.1248     -1133.83
15.9809          -21.1220     -1133.46
15.9811          -21.1192     -1133.09
15.9812          -21.1164     -1132.73
15.9814          -21.1136     -1132.36
15.9815          -21.1108     -1132.00
15.9817          -21.1080     -1131.63
15.9818          -21.1053     -1131.27
15.9820          -21.1026     -1130.91
15.9821          -21.0998     -1130.56
15.9823          -21.0971     -1130.20
15.9824          -21.0944     -1129.85
15.9826          -21.0918     -1129.50
15.9827          -21.0891     -1129.15
15.9829          -21.0864     -1128.80
15.9830          -21.0838     -1128.45
15.9832          -21.0811     -1128.11
15.9833          -21.0785     -1127.76
15.9835          -21.0759     -1127.42
15.9836          -21.0733     -1127.08
15.9838          -21.0707     -1126.75
15.9839          -21.0682     -1126.41
15.9841          -21.0656     -1126.07
15.9842          -21.0630     -1125.74
15.9844          -21.0605     -1125.41
15.9845          -21.0580     -1125.08
15.9847          -21.0555     -1124.75
15.9848          -21.0530     -1124.42
15.9850          -21.0505     -1124.10
15.9851          -21.0480     -1123.77
15.9853          -21.0455     -1123.45
15.9854          -21.0430     -1123.13
15.9856          -21.0406     -1122.81
15.9857          -21.0382     -1122.49
15.9859          -21.0357     -1122.18
15.9860          -21.0333     -1121.86
15.9862          -21.0309     -1121.55
15.9863          -21.0285     -1121.24
15.9865          -21.0261     -1120.93
15.9866          -21.0237     -1120.62
15.9868          -21.0214     -1120.31
15.9869          -21.0190     -1120.01
15.9871          -21.0167     -1119.70
15.9872          -21.0143     -1119.40
15.9874          -21.0120     -1119.09
15.9875          -21.0097     -1118.79
15.9877          -21.0074     -1118.49
15.9878          -21.0051     -1118.20
15.9880          -21.0028     -1117.90
15.9881          -21.0005     -1117.61
15.9883          -20.9983     -1117.31
15.9884          -20.9960     -1117.02
15.9886          -20.9938     -1116.73
15.9887          -20.9915     -1116.44
15.9889          -20.9893     -1116.15
15.9890          -20.9871     -1115.86
15.9892          -20.9849     -1115.57
15.9893          -20.9827     -1115.29
15.9895          -20.9805     -1115.01
15.9896          -20.9783     -1114.72
15.9898          -20.9761     -1114.44
15.9899          -20.9739     -1114.16
15.9901          -20.9718     -1113.88
15.9902          -20.9696     -1113.61
15.9904          -20.9675     -1113.33
15.9905          -20.9654     -1113.06
15.9907          -20.9632     -1112.78
15.9908          -20.9611     -1112.51
15.9910          -20.9590     -1112.24
15.9911          -20.9569     -1111.97
15.9913          -20.9548     -1111.70
15.9914          -20.9528     -1111.43
15.9916          -20.9507     -1111.16
15.9917          -20.9486     -1110.90
15.9919          -20.9466     -1110.63
15.9920          -20.9445     -1110.37
15.9922          -20.9425     -1110.11
15.9923          -20.9405     -1109.84
15.9925          -20.9384     -1109.58
15.9926          -20.9364     -1109.32
15.9928          -20.9344     -1109.07
15.9929          -20.9324     -1108.81
15.9931          -20.9304     -1108.55
15.9932          -20.9285     -1108.30
15.9934          -20.9265     -1108.04
15.9935          -20.9245     -1107.79
15.9937          -20.9226     -1107.54
15.9938          -20.9206     -1107.29
15.9940          -20.9187     -1107.04
15.9941          -20.9167     -1106.79
15.9943          -20.9148     -1106.54
15.9944          -20.9129     -1106.30
15.9946          -20.9110     -1106.05
15.9947          -20.9091     -1105.81
15.9949          -20.9072     -1105.56
15.9950          -20.9053     -1105.32
15.9952          -20.9034     -1105.08
15.9953          -20.9015     -1104.84
15.9955          -20.8996     -1104.60
15.9956          -20.8978     -1104.36
15.9958          -20.8959     -1104.12
15.9959          -20.8941     -1103.88
15.9961          -20.8922     -1103.65
15.9962          -20.8904     -1103.41
15.9964          -20.8886     -1103.18
15.9965          -20.8867     -1102.95
15.9967          -20.8849     -1102.71
15.9968          -20.8831     -1102.48
15.9970          -20.8813     -1102.25
15.9971          -20.8795     -1102.02
15.9973          -20.8777     -1101.79
15.9974          -20.8759     -1101.57
15.9976          -20.8742     -1101.34
15.9977          -20.8724     -1101.11
15.9979          -20.8706     -1100.89
15.9980          -20.8689     -1100.66
15.9982          -20.8671     -1100.44
15.9983          -20.8654     -1100.22
15.9985          -20.8637     -1100.00
15.9986          -20.8619     -1099.77
15.9988          -20.8602     -1099.55
15.9989          -20.8585     -1099.34
15.9991          -20.8568     -1099.12
15.9992          -20.8551     -1098.90
15.9994          -20.8534     -1098.68
15.9995          -20.8517     -1098.47
15.9997          -20.8500     -1098.25
15.9998          -20.8483     -1098.04
16.0000          -20.8466     -1097.82
