#     MHz     10*Log10(L.P) 10*Log10(LG1.P)
0.00000          -2027.96  9.64327e-16
0.300300         -29.1833 -0.000269430
0.600601         -23.4476  -0.00107916
0.900901         -20.0706  -0.00243152
1.20120          -17.6756  -0.00432950
1.50150          -15.8251  -0.00677687
1.80180          -14.3230  -0.00977825
2.10210          -13.0638   -0.0133392
2.40240          -11.9843   -0.0174660
2.70270          -11.0436   -0.0221661
3.00300          -10.2134   -0.0274477
3.30330          -9.47363   -0.0333202
3.60360          -8.80922   -0.0397938
3.90390          -8.20869   -0.0468800
4.20420          -7.66301   -0.0545912
4.50450          -7.16498   -0.0629411
4.80480          -6.70870   -0.0719444
5.10511          -6.28933   -0.0816172
5.40541          -5.90277   -0.0919769
5.70571          -5.54558    -0.103042
6.00601          -5.21479    -0.114833
6.30631          -4.90785    -0.127372
6.60661          -4.62253    -0.140680
6.90691          -4.35687    -0.154785
7.20721          -4.10915    -0.169711
7.50751          -3.87785    -0.185488
7.80781          -3.66159    -0.202146
8.10811          -3.45916    -0.219717
8.40841          -3.26946    -0.238236
8.70871          -3.09150    -0.257741
9.00901          -2.92439    -0.278270
9.30931          -2.76732    -0.299866
9.60961          -2.61956    -0.322574
9.90991          -2.48043    -0.346442
10.2102          -2.34932    -0.371520
10.5105          -2.22567    -0.397864
10.8108          -2.10897    -0.425532
11.1111          -1.99874    -0.454586
11.4114          -1.89457    -0.485092
11.7117          -1.79604    -0.517121
12.0120          -1.70279    -0.550749
12.3123          -1.61449    -0.586057
12.6126          -1.53083    -0.623131
12.9129          -1.45151    -0.662063
13.2132          -1.37627    -0.702953
13.5135          -1.30486    -0.745906
13.8138          -1.23705    -0.791036
14.1141          -1.17264    -0.838464
14.4144          -1.11143    -0.888319
14.7147          -1.05323    -0.940743
15.0150         -0.997872    -0.995884
15.3153         -0.945200     -1.05390
15.6156         -0.895066     -1.11497
15.9159         -0.847333     -1.17928
16.2162         -0.801874     -1.24703
16.5165         -0.758568     -1.31843
16.8168         -0.717305     -1.39371
17.1171         -0.677981     -1.47313
17.4174         -0.640499     -1.55695
17.7177         -0.604768     -1.64548
18.0180         -0.570703     -1.73901
18.3183         -0.538225     -1.83791
18.6186         -0.507259     -1.94253
18.9189         -0.477736     -2.05328
19.2192         -0.449591     -2.17059
19.5195         -0.422762     -2.29494
19.8198         -0.397193     -2.42686
20.1201         -0.372829     -2.56689
20.4204         -0.349621     -2.71566
20.7207         -0.327520     -2.87383
21.0210         -0.306484     -3.04216
21.3213         -0.286471     -3.22145
21.6216         -0.267441     -3.41258
21.9219         -0.249359     -3.61656
22.2222         -0.232190     -3.83446
22.5225         -0.215902     -4.06750
22.8228         -0.200465     -4.31704
23.1231         -0.185852     -4.58457
23.4234         -0.172036     -4.87181
23.7237         -0.158993     -5.18067
24.0240         -0.146700     -5.51334
24.3243         -0.135135     -5.87232
24.6246         -0.124279     -6.26048
24.9249         -0.114114     -6.68119
25.2252         -0.104623     -7.13839
25.5255        -0.0957890     -7.63676
25.8258        -0.0875986     -8.18193
26.1261        -0.0800383     -8.78078
26.4264        -0.0730958     -9.44186
26.7267        -0.0667601     -10.1760
27.0270        -0.0610212     -10.9971
27.3273        -0.0558702     -11.9239
27.6276        -0.0512989     -12.9820
27.9279        -0.0473005     -14.2080
28.2282        -0.0438690     -15.6567
28.5285        -0.0409991     -17.4166
28.8288        -0.0386867     -19.6423
29.1291        -0.0369286     -22.6413
29.4294        -0.0357222     -27.1426
29.7297        -0.0350662     -34.5357
30.0300        -0.0349599     -31.4342
30.3303        -0.0354036     -25.1932
30.6306        -0.0363983     -21.4001
30.9309        -0.0379462     -18.7505
31.2312        -0.0400500     -16.7300
31.5315        -0.0427138     -15.1054
31.8318        -0.0459421     -13.7531
32.1321        -0.0497407     -12.5999
32.4324        -0.0541161     -11.5990
32.7327        -0.0590759     -10.7184
33.0330        -0.0646286     -9.93566
33.3333        -0.0707840     -9.23402
33.6336        -0.0775525     -8.60084
33.9339        -0.0849460     -8.02623
34.2342        -0.0929772     -7.50234
34.5345         -0.101660     -7.02281
34.8348         -0.111010     -6.58238
35.1351         -0.121044     -6.17668
35.4354         -0.131779     -5.80200
35.7357         -0.143234     -5.45519
36.0360         -0.155431     -5.13353
36.3363         -0.168391     -4.83464
36.6366         -0.182139     -4.55645
36.9369         -0.196699     -4.29714
37.2372         -0.212099     -4.05508
37.5375         -0.228369     -3.82885
37.8378         -0.245538     -3.61715
38.1381         -0.263642     -3.41883
38.4384         -0.282715     -3.23284
38.7387         -0.302794     -3.05824
39.0390         -0.323921     -2.89419
39.3393         -0.346139     -2.73989
39.6396         -0.369494     -2.59466
39.9399         -0.394034     -2.45784
40.2402         -0.419812     -2.32885
40.5405         -0.446884     -2.20714
40.8408         -0.475309     -2.09223
41.1411         -0.505151     -1.98365
41.4414         -0.536477     -1.88099
41.7417         -0.569361     -1.78387
42.0420         -0.603879     -1.69192
42.3423         -0.640114     -1.60483
42.6426         -0.678153     -1.52229
42.9429         -0.718092     -1.44401
43.2432         -0.760032     -1.36975
43.5435         -0.804080     -1.29925
43.8438         -0.850351     -1.23230
44.1441         -0.898971     -1.16869
44.4444         -0.950071     -1.10823
44.7447          -1.00379     -1.05073
45.0450          -1.06029    -0.996044
45.3453          -1.11973    -0.944003
45.6456          -1.18228    -0.894465
45.9459          -1.24814    -0.847298
46.2462          -1.31751    -0.802376
46.5465          -1.39061    -0.759581
46.8468          -1.46767    -0.718805
47.1471          -1.54895    -0.679946
47.4474          -1.63473    -0.642909
47.7477          -1.72530    -0.607604
48.0480          -1.82099    -0.573948
48.3483          -1.92214    -0.541863
48.6486          -2.02913    -0.511277
48.9489          -2.14237    -0.482119
49.2492          -2.26230    -0.454328
49.5495          -2.38941    -0.427842
49.8498          -2.52423    -0.402605
50.1502          -2.66732    -0.378564
50.4505          -2.81932    -0.355671
50.7508          -2.98091    -0.333878
51.0511          -3.15284    -0.313142
51.3514          -3.33594    -0.293422
51.6517          -3.53112    -0.274680
51.9520          -3.73939    -0.256881
52.2523          -3.96186    -0.239990
52.5526          -4.19976    -0.223977
52.8529          -4.45448    -0.208811
53.1532          -4.72756    -0.194466
53.4535          -5.02075    -0.180916
53.7538          -5.33601    -0.168136
54.0541          -5.67558    -0.156104
54.3544          -6.04205    -0.144800
54.6547          -6.43838    -0.134203
54.9550          -6.86803    -0.124297
55.2553          -7.33508    -0.115064
55.5556          -7.84439    -0.106489
55.8559          -8.40182   -0.0985582
56.1562          -9.01455   -0.0912580
56.4565          -9.69151   -0.0845770
56.7568          -10.4441   -0.0785043
57.0571          -11.2869   -0.0730302
57.3574          -12.2399   -0.0681462
57.6577          -13.3301   -0.0638446
57.9580          -14.5967   -0.0601186
58.2583          -16.0986   -0.0569627
58.5586          -17.9307   -0.0543720
58.8589          -20.2586   -0.0523427
59.1592          -23.4011   -0.0508719
59.4595          -27.9829   -0.0499574
59.7598          -32.9023   -0.0495981
60.0601          -28.7216   -0.0497939
60.3604          -23.9038   -0.0505452
60.6607          -20.6205   -0.0518537
60.9610          -18.2126   -0.0537217
61.2613          -16.3304   -0.0561526
61.5616          -14.7949   -0.0591506
61.8619          -13.5044   -0.0627208
62.1622          -12.3965   -0.0668694
62.4625          -11.4300   -0.0716034
62.7628          -10.5765   -0.0769309
63.0631          -9.81552   -0.0828609
63.3634          -9.13168   -0.0894036
63.6637          -8.51327   -0.0965701
63.9640          -7.95107    -0.104373
64.2643          -7.43771    -0.112825
64.5646          -6.96717    -0.121942
64.8649          -6.53450    -0.131738
65.1652          -6.13550    -0.142232
65.4655          -5.76666    -0.153442
65.7658          -5.42495    -0.165388
66.0661          -5.10775    -0.178091
66.3664          -4.81279    -0.191574
66.6667          -4.53806    -0.205862
66.9670          -4.28180    -0.220982
67.2673          -4.04245    -0.236962
67.5676          -3.81861    -0.253832
67.8679          -3.60904    -0.271624
68.1682          -3.41260    -0.290373
68.4685          -3.22829    -0.310116
68.7688          -3.05518    -0.330891
69.0691          -2.89245    -0.352741
69.3694          -2.73935    -0.375710
69.6697          -2.59517    -0.399846
69.9700          -2.45929    -0.425199
70.2703          -2.33114    -0.451825
70.5706          -2.21019    -0.479779
70.8709          -2.09594    -0.509125
71.1712          -1.98796    -0.539927
71.4715          -1.88584    -0.572257
71.7718          -1.78920    -0.606187
72.0721          -1.69768    -0.641800
72.3724          -1.61097    -0.679179
72.6727          -1.52877    -0.718417
72.9730          -1.45080    -0.759611
73.2733          -1.37681    -0.802865
73.5736          -1.30656    -0.848291
73.8739          -1.23983    -0.896008
74.1742          -1.17642    -0.946145
74.4745          -1.11613    -0.998840
74.7748          -1.05880     -1.05424
75.0751          -1.00425     -1.11250
75.3754         -0.952338     -1.17379
75.6757         -0.902916     -1.23830
75.9760         -0.855853     -1.30622
76.2763         -0.811025     -1.37776
76.5766         -0.768316     -1.45316
76.8769         -0.727618     -1.53264
77.1772         -0.688831     -1.61649
77.4775         -0.651859     -1.70498
77.7778         -0.616614     -1.79842
78.0781         -0.583014     -1.89715
78.3784         -0.550981     -2.00153
78.6787         -0.520443     -2.11195
78.9790         -0.491331     -2.22883
79.2793         -0.463583     -2.35263
79.5796         -0.437139     -2.48387
79.8799         -0.411942     -2.62308
80.1802         -0.387941     -2.77086
80.4805         -0.365086     -2.92786
80.7808         -0.343331     -3.09480
81.0811         -0.322633     -3.27247
81.3814         -0.302951     -3.46172
81.6817         -0.284247     -3.66350
81.9820         -0.266486     -3.87887
82.2823         -0.249635     -4.10900
82.5826         -0.233661     -4.35517
82.8829         -0.218537     -4.61884
83.1832         -0.204233     -4.90164
83.4835         -0.190726     -5.20540
83.7838         -0.177991     -5.53221
84.0841         -0.166005     -5.88444
84.3844         -0.154748     -6.26483
84.6847         -0.144201     -6.67655
84.9850         -0.134346     -7.12333
85.2853         -0.125167     -7.60954
85.5856         -0.116647     -8.14044
85.8859         -0.108773     -8.72243
86.1862         -0.101533     -9.36335
86.4865        -0.0949132     -10.0731
86.7868        -0.0889046     -10.8643
87.0871        -0.0834971     -11.7535
87.3874        -0.0786821     -12.7632
87.6877        -0.0744521     -13.9246
87.9880        -0.0708005     -15.2833
88.2883        -0.0677217     -16.9091
88.5886        -0.0652109     -18.9159
88.8889        -0.0632645     -21.5021
89.1892        -0.0618795     -25.0190
89.4895        -0.0610539     -29.6336
89.7898        -0.0607868     -30.3972
90.0901        -0.0610779     -25.8133
90.3904        -0.0619280     -22.0766
90.6907        -0.0633387     -19.3523
90.9910        -0.0653124     -17.2589
91.2913        -0.0678527     -15.5751
91.5916        -0.0709638     -14.1753
91.8919        -0.0746511     -12.9834
92.1922        -0.0789206     -11.9504
92.4925        -0.0837797     -11.0428
92.7928        -0.0892365     -10.2367
93.0931        -0.0953001     -9.51473
93.3934         -0.101981     -8.86358
93.6937         -0.109290     -8.27293
93.9940         -0.117240     -7.73460
94.2943         -0.125845     -7.24194
94.5946         -0.135119     -6.78953
94.8949         -0.145078     -6.37281
95.1952         -0.155740     -5.98797
95.4955         -0.167123     -5.63175
95.7958         -0.179248     -5.30133
96.0961         -0.192136     -4.99428
96.3964         -0.205811     -4.70847
96.6967         -0.220297     -4.44203
96.9970         -0.235621     -4.19329
97.2973         -0.251811     -3.96078
97.5976         -0.268899     -3.74317
97.8979         -0.286916     -3.53929
98.1982         -0.305898     -3.34807
98.4985         -0.325881     -3.16854
98.7988         -0.346904     -2.99983
99.0991         -0.369011     -2.84114
99.3994         -0.392245     -2.69175
99.6997         -0.416656     -2.55101
100.000         -0.442293     -2.41831
100.300         -0.469211     -2.29309
100.601         -0.497469     -2.17485
100.901         -0.527128     -2.06312
101.201         -0.558255     -1.95748
101.502         -0.590920     -1.85753
101.802         -0.625197     -1.76291
102.102         -0.661169     -1.67327
102.402         -0.698920     -1.58832
102.703         -0.738542     -1.50776
103.003         -0.780133     -1.43132
103.303         -0.823799     -1.35876
103.604         -0.869651     -1.28985
103.904         -0.917809     -1.22438
104.204         -0.968403     -1.16214
104.505          -1.02157     -1.10297
104.805          -1.07746     -1.04667
105.105          -1.13623    -0.993109
105.405          -1.19804    -0.942121
105.706          -1.26310    -0.893573
106.006          -1.33158    -0.847335
106.306          -1.40370    -0.803288
106.607          -1.47970    -0.761318
106.907          -1.55981    -0.721321
107.207          -1.64430    -0.683199
107.508          -1.73346    -0.646860
107.808          -1.82759    -0.612217
108.108          -1.92703    -0.579191
108.408          -2.03215    -0.547706
108.709          -2.14333    -0.517692
109.009          -2.26100    -0.489082
109.309          -2.38563    -0.461814
109.610          -2.51771    -0.435831
109.910          -2.65779    -0.411078
110.210          -2.80646    -0.387503
110.511          -2.96440    -0.365060
110.811          -3.13230    -0.343702
111.111          -3.31095    -0.323388
111.411          -3.50121    -0.304078
111.712          -3.70404    -0.285736
112.012          -3.92048    -0.268326
112.312          -4.15170    -0.251816
112.613          -4.39900    -0.236176
112.913          -4.66383    -0.221377
113.213          -4.94782    -0.207393
113.514          -5.25279    -0.194198
113.814          -5.58083    -0.181769
114.114          -5.93432    -0.170085
114.414          -6.31600    -0.159126
114.715          -6.72903    -0.148872
115.015          -7.17712    -0.139308
115.315          -7.66466    -0.130415
115.616          -8.19689    -0.122181
115.916          -8.78019    -0.114590
116.216          -9.42240    -0.107632
116.517          -10.1334    -0.101294
116.817          -10.9256   -0.0955665
117.117          -11.8157   -0.0904402
117.417          -12.8257   -0.0859069
117.718          -13.9864   -0.0819597
118.018          -15.3426   -0.0785922
118.318          -16.9617   -0.0757994
118.619          -18.9515   -0.0735770
118.919          -21.4910   -0.0719216
119.219          -24.8545   -0.0708308
119.520          -28.8848   -0.0703031
119.820          -29.2831   -0.0703379
120.120          -25.3315   -0.0709354
120.420          -21.8533   -0.0720968
120.721          -19.2322   -0.0738241
121.021          -17.1892   -0.0761205
121.321          -15.5340   -0.0789897
121.622          -14.1521   -0.0824367
121.922          -12.9722   -0.0864671
122.222          -11.9476   -0.0910877
122.523          -11.0461   -0.0963064
122.823          -10.2446    -0.102132
123.123          -9.52607    -0.108573
123.423          -8.87758    -0.115643
123.724          -8.28898    -0.123351
124.024          -7.75222    -0.131712
124.324          -7.26078    -0.140739
124.625          -6.80929    -0.150449
124.925          -6.39326    -0.160858
125.225          -6.00891    -0.171984
125.526          -5.65303    -0.183847
125.826          -5.32282    -0.196467
126.126          -5.01587    -0.209868
126.426          -4.73008    -0.224074
126.727          -4.46358    -0.239110
127.027          -4.21472    -0.255005
127.327          -3.98204    -0.271787
127.628          -3.76423    -0.289490
127.928          -3.56010    -0.308146
128.228          -3.36861    -0.327791
128.529          -3.18879    -0.348465
128.829          -3.01977    -0.370208
129.129          -2.86077    -0.393063
129.429          -2.71105    -0.417079
129.730          -2.56998    -0.442304
130.030          -2.43694    -0.468792
130.330          -2.31138    -0.496599
130.631          -2.19280    -0.525785
130.931          -2.08074    -0.556415
131.231          -1.97477    -0.588558
131.532          -1.87449    -0.622287
131.832          -1.77954    -0.657680
132.132          -1.68959    -0.694820
132.432          -1.60432    -0.733798
132.733          -1.52345    -0.774708
133.033          -1.44671    -0.817652
133.333          -1.37386    -0.862740
133.634          -1.30467    -0.910089
133.934          -1.23892    -0.959822
134.234          -1.17642     -1.01208
134.535          -1.11698     -1.06699
134.835          -1.06043     -1.12472
135.135          -1.00662     -1.18544
135.435         -0.955397     -1.24932
135.736         -0.906619     -1.31654
136.036         -0.860158     -1.38732
136.336         -0.815895     -1.46188
136.637         -0.773718     -1.54046
136.937         -0.733520     -1.62330
137.237         -0.695204     -1.71070
137.538         -0.658677     -1.80294
137.838         -0.623854     -1.90035
138.138         -0.590654     -2.00327
138.438         -0.559001     -2.11210
138.739         -0.528825     -2.22723
139.039         -0.500060     -2.34912
139.339         -0.472642     -2.47824
139.640         -0.446515     -2.61513
139.940         -0.421623     -2.76035
140.240         -0.397916     -2.91454
140.541         -0.375344     -3.07838
140.841         -0.353864     -3.25262
141.141         -0.333432     -3.43809
141.441         -0.314010     -3.63569
141.742         -0.295559     -3.84643
142.042         -0.278045     -4.07143
142.342         -0.261436     -4.31191
142.643         -0.245701     -4.56924
142.943         -0.230811     -4.84499
143.243         -0.216740     -5.14086
143.544         -0.203462     -5.45884
143.844         -0.190954     -5.80115
144.144         -0.179195     -6.17035
144.444         -0.168164     -6.56940
144.745         -0.157843     -7.00174
145.045         -0.148213     -7.47142
145.345         -0.139260     -7.98325
145.646         -0.130967     -8.54304
145.946         -0.123322     -9.15787
146.246         -0.116311     -9.83655
146.547         -0.109925     -10.5902
146.847         -0.104151     -11.4333
147.147        -0.0989816     -12.3847
147.447        -0.0944081     -13.4707
147.748        -0.0904232     -14.7278
148.048        -0.0870208     -16.2099
148.348        -0.0841957     -17.9993
148.649        -0.0819434     -20.2263
148.949        -0.0802606     -23.0867
149.249        -0.0791448     -26.6670
149.550        -0.0785944     -29.0623
149.850        -0.0786088     -26.6146
150.450        -0.0803334     -20.1952
150.751        -0.0820469     -17.9776
151.051        -0.0843313     -16.1952
151.351        -0.0871907     -14.7186
151.652        -0.0906297     -13.4660
151.952        -0.0946540     -12.3839
152.252        -0.0992704     -11.4357
152.553         -0.104487     -10.5956
152.853         -0.110311     -9.84450
153.153         -0.116754     -9.16816
153.453         -0.123825     -8.55545
153.754         -0.131538     -7.99759
154.054         -0.139904     -7.48752
154.354         -0.148938     -7.01945
154.655         -0.158656     -6.58858
154.955         -0.169074     -6.19086
155.255         -0.180211     -5.82287
155.556         -0.192085     -5.48166
155.856         -0.204718     -5.16468
156.156         -0.218133     -4.86970
156.456         -0.232353     -4.59476
156.757         -0.247404     -4.33813
157.057         -0.263314     -4.09829
157.357         -0.280113     -3.87386
157.658         -0.297831     -3.66360
157.958         -0.316503     -3.46642
158.258         -0.336165     -3.28131
158.559         -0.356855     -3.10737
158.859         -0.378614     -2.94378
159.159         -0.401485     -2.78980
159.459         -0.425514     -2.64473
159.760         -0.450753     -2.50795
160.060         -0.477252     -2.37890
160.360         -0.505069     -2.25705
160.661         -0.534264     -2.14192
160.961         -0.564900     -2.03307
161.261         -0.597045     -1.93009
161.562         -0.630774     -1.83260
161.862         -0.666163     -1.74026
162.162         -0.703296     -1.65274
162.462         -0.742260     -1.56975
162.763         -0.783152     -1.49102
163.063         -0.826072     -1.41628
163.363         -0.871129     -1.34531
163.664         -0.918439     -1.27788
163.964         -0.968125     -1.21379
164.264          -1.02032     -1.15285
164.565          -1.07517     -1.09488
164.865          -1.13282     -1.03973
165.165          -1.19344    -0.987223
165.465          -1.25721    -0.937234
165.766          -1.32431    -0.889625
166.066          -1.39495    -0.844271
166.366          -1.46935    -0.801057
166.667          -1.54773    -0.759874
166.967          -1.63036    -0.720621
167.267          -1.71752    -0.683203
167.568          -1.80948    -0.647531
167.868          -1.90659    -0.613522
168.168          -2.00917    -0.581098
168.468          -2.11761    -0.550186
168.769          -2.23230    -0.520719
169.069          -2.35370    -0.492631
169.369          -2.48227    -0.465863
169.670          -2.61854    -0.440359
169.970          -2.76307    -0.416065
170.270          -2.91649    -0.392932
170.571          -3.07946    -0.370915
170.871          -3.25273    -0.349968
171.171          -3.43712    -0.330052
171.471          -3.63351    -0.311128
171.772          -3.84289    -0.293160
172.072          -4.06636    -0.276114
172.372          -4.30513    -0.259959
172.673          -4.56055    -0.244665
172.973          -4.83413    -0.230205
173.273          -5.12757    -0.216553
173.574          -5.44280    -0.203685
173.874          -5.78199    -0.191578
174.174          -6.14766    -0.180212
174.474          -6.54267    -0.169566
174.775          -6.97038    -0.159623
175.075          -7.43473    -0.150367
175.375          -7.94038    -0.141781
175.676          -8.49295    -0.133852
175.976          -9.09926    -0.126566
176.276          -9.76778    -0.119912
176.577          -10.5091    -0.113879
176.877          -11.3370    -0.108457
177.177          -12.2694    -0.103638
177.477          -13.3307   -0.0994138
177.778          -14.5548   -0.0957781
178.078          -15.9907   -0.0927252
178.378          -17.7117   -0.0902503
178.679          -19.8293   -0.0883496
178.979          -22.5006   -0.0870204
179.279          -25.7763   -0.0862606
179.580          -28.2586   -0.0860692
179.880          -26.6193   -0.0864461
180.180          -23.2867   -0.0873921
180.480          -20.4528   -0.0889089
180.781          -18.2124   -0.0909991
181.081          -16.4049   -0.0936661
181.381          -14.9063   -0.0969144
181.682          -13.6353    -0.100750
181.982          -12.5379    -0.105178
182.282          -11.5768    -0.110206
182.583          -10.7256    -0.115844
182.883          -9.96500    -0.122099
183.183          -9.28032    -0.128983
183.483          -8.66025    -0.136507
183.784          -8.09582    -0.144684
184.084          -7.57984    -0.153528
184.384          -7.10643    -0.163053
184.685          -6.67068    -0.173276
184.985          -6.26851    -0.184215
185.285          -5.89643    -0.195889
185.586          -5.55143    -0.208318
185.886          -5.23095    -0.221524
186.186          -4.93271    -0.235532
186.486          -4.65474    -0.250365
186.787          -4.39529    -0.266052
187.087          -4.15280    -0.282622
187.387          -3.92588    -0.300104
187.688          -3.71330    -0.318533
187.988          -3.51394    -0.337944
188.288          -3.32677    -0.358374
188.589          -3.15090    -0.379863
188.889          -2.98549    -0.402454
189.189          -2.82978    -0.426193
189.489          -2.68309    -0.451128
189.790          -2.54478    -0.477312
190.090          -2.41428    -0.504799
190.390          -2.29105    -0.533648
190.691          -2.17462    -0.563923
190.991          -2.06454    -0.595689
191.291          -1.96039    -0.629019
191.592          -1.86179    -0.663989
191.892          -1.76840    -0.700681
192.192          -1.67989    -0.739180
192.492          -1.59595    -0.779581
192.793          -1.51631    -0.821982
193.093          -1.44072    -0.866491
193.393          -1.36893    -0.913219
193.694          -1.30073    -0.962289
193.994          -1.23590     -1.01383
194.294          -1.17426     -1.06798
194.595          -1.11562     -1.12490
194.895          -1.05982     -1.18474
195.195          -1.00671     -1.24766
195.495         -0.956135     -1.31387
195.796         -0.907969     -1.38356
196.096         -0.862084     -1.45693
196.396         -0.818362     -1.53423
196.697         -0.776694     -1.61570
196.997         -0.736976     -1.70160
197.297         -0.699113     -1.79223
197.598         -0.663015     -1.88789
197.898         -0.628599     -1.98893
198.198         -0.595784     -2.09571
198.498         -0.564498     -2.20861
198.799         -0.534671     -2.32808
199.099         -0.506239     -2.45457
199.399         -0.479140     -2.58860
199.700         -0.453318     -2.73070
200.000         -0.428719     -2.88149
200.300         -0.405294     -3.04162
200.601         -0.382994     -3.21180
200.901         -0.361776     -3.39283
201.201         -0.341599     -3.58556
201.502         -0.322424     -3.79096
201.802         -0.304213     -4.01008
202.102         -0.286934     -4.24409
202.402         -0.270554     -4.49429
202.703         -0.255044     -4.76214
203.003         -0.240374     -5.04926
203.303         -0.226520     -5.35750
203.604         -0.213456     -5.68895
203.904         -0.201160     -6.04599
204.204         -0.189611     -6.43136
204.505         -0.178788     -6.84824
204.805         -0.168674     -7.30034
205.105         -0.159251     -7.79206
205.405         -0.150504     -8.32863
205.706         -0.142418     -8.91643
206.006         -0.134981     -9.56326
206.306         -0.128179     -10.2789
206.607         -0.122002     -11.0758
206.907         -0.116440     -11.9701
207.207         -0.111484     -12.9834
207.508         -0.107127     -14.1455
207.808         -0.103361     -15.4981
208.108         -0.100181     -17.1025
208.408        -0.0975814     -19.0489
208.709        -0.0955586     -21.4624
209.009        -0.0941094     -24.4220
209.309        -0.0932318     -27.2265
209.610        -0.0929245     -26.9892
209.910        -0.0931871     -24.0566
210.210        -0.0940203     -21.1560
210.511        -0.0954255     -18.8055
210.811        -0.0974051     -16.9063
211.111        -0.0999626     -15.3368
211.411         -0.103102     -14.0105
211.712         -0.106829     -12.8690
212.012         -0.111148     -11.8722
212.312         -0.116069     -10.9915
212.613         -0.121598     -10.2061
212.913         -0.127744     -9.50024
213.213         -0.134519     -8.86184
213.514         -0.141933     -8.28141
213.814         -0.149998     -7.75133
214.114         -0.158729     -7.26538
214.414         -0.168140     -6.81843
214.715         -0.178247     -6.40617
215.015         -0.189067     -6.02496
215.315         -0.200619     -5.67168
215.616         -0.212924     -5.34363
215.916         -0.226003     -5.03848
216.216         -0.239880     -4.75416
216.517         -0.254578     -4.48887
216.817         -0.270126     -4.24099
217.117         -0.286551     -4.00909
217.417         -0.303884     -3.79190
217.718         -0.322157     -3.58825
218.018         -0.341406     -3.39711
218.318         -0.361668     -3.21754
218.619         -0.382981     -3.04867
218.919         -0.405388     -2.88975
219.219         -0.428934     -2.74005
219.520         -0.453667     -2.59893
219.820         -0.479637     -2.46580
220.120         -0.506900     -2.34011
220.420         -0.535513     -2.22138
220.721         -0.565538     -2.10912
221.021         -0.597041     -2.00294
221.321         -0.630092     -1.90243
221.622         -0.664767     -1.80723
221.922         -0.701144     -1.71702
222.222         -0.739311     -1.63149
222.523         -0.779358     -1.55035
222.823         -0.821383     -1.47333
223.123         -0.865490     -1.40020
223.423         -0.911791     -1.33073
223.724         -0.960405     -1.26470
224.024          -1.01146     -1.20192
224.324          -1.06509     -1.14221
224.625          -1.12145     -1.08540
224.925          -1.18069     -1.03132
225.225          -1.24298    -0.979837
225.526          -1.30850    -0.930805
225.826          -1.37745    -0.884098
226.126          -1.45003    -0.839594
226.426          -1.52648    -0.797183
226.727          -1.60703    -0.756759
227.027          -1.69194    -0.718224
227.327          -1.78151    -0.681486
227.628          -1.87602    -0.646460
227.928          -1.97582    -0.613065
228.228          -2.08126    -0.581225
228.529          -2.19271    -0.550869
228.829          -2.31061    -0.521933
229.129          -2.43540    -0.494352
229.429          -2.56758    -0.468070
229.730          -2.70768    -0.443031
230.030          -2.85629    -0.419184
230.330          -3.01405    -0.396482
230.631          -3.18165    -0.374879
230.931          -3.35986    -0.354332
231.231          -3.54951    -0.334802
231.532          -3.75155    -0.316252
231.832          -3.96698    -0.298647
232.132          -4.19694    -0.281954
232.432          -4.44268    -0.266143
232.733          -4.70562    -0.251185
233.033          -4.98732    -0.237053
233.333          -5.28955    -0.223722
233.634          -5.61432    -0.211169
233.934          -5.96390    -0.199372
234.234          -6.34093    -0.188311
234.535          -6.74841    -0.177967
234.835          -7.18988    -0.168322
235.135          -7.66950    -0.159360
235.435          -8.19220    -0.151068
235.736          -8.76394    -0.143430
236.036          -9.39201    -0.136434
236.336          -10.0854    -0.130070
236.637          -10.8556    -0.124326
236.937          -11.7174    -0.119194
237.237          -12.6901    -0.114666
237.538          -13.8000    -0.110734
237.838          -15.0838    -0.107393
238.138          -16.5936    -0.104636
238.438          -18.4045    -0.102461
238.739          -20.6190    -0.100863
239.039          -23.3188   -0.0998398
239.339          -26.1411   -0.0993905
239.640          -26.9586   -0.0995143
239.940          -24.6744    -0.100212
240.240          -21.8044    -0.101483
240.541          -19.3705    -0.103332
240.841          -17.3894    -0.105761
241.141          -15.7535    -0.108774
241.441          -14.3747    -0.112376
241.742          -13.1914    -0.116573
242.042          -12.1606    -0.121371
242.342          -11.2518    -0.126779
242.643          -10.4427    -0.132806
242.943          -9.71661    -0.139462
243.243          -9.06075    -0.146757
243.544          -8.46506    -0.154704
243.844          -7.92152    -0.163317
244.144          -7.42359    -0.172609
244.444          -6.96592    -0.182597
244.745          -6.54400    -0.193298
245.045          -6.15404    -0.204730
245.345          -5.79279    -0.216913
245.646          -5.45746    -0.229869
245.946          -5.14563    -0.243620
246.246          -4.85517    -0.258191
246.547          -4.58421    -0.273609
246.847          -4.33109    -0.289902
247.147          -4.09434    -0.307100
247.447          -3.87264    -0.325235
247.748          -3.66480    -0.344341
248.048          -3.46975    -0.364456
248.348          -3.28653    -0.385617
248.649          -3.11426    -0.407868
248.949          -2.95215    -0.431252
249.249          -2.79946    -0.455816
249.550          -2.65555    -0.481612
249.850          -2.51979    -0.508692
250.150          -2.39164    -0.537114
250.450          -2.27058    -0.566940
250.751          -2.15615    -0.598235
251.051          -2.04791    -0.631068
251.351          -1.94546    -0.665512
251.652          -1.84844    -0.701649
251.952          -1.75650    -0.739561
252.252          -1.66934    -0.779340
252.553          -1.58666    -0.821081
252.853          -1.50819    -0.864888
253.153          -1.43368    -0.910871
253.453          -1.36290    -0.959148
253.754          -1.29563     -1.00984
254.054          -1.23168     -1.06310
254.354          -1.17085     -1.11905
254.655          -1.11298     -1.17786
254.955          -1.05789     -1.23969
255.255          -1.00545     -1.30472
255.556         -0.955508     -1.37314
255.856         -0.907932     -1.44516
256.156         -0.862603     -1.52101
256.456         -0.819403     -1.60091
256.757         -0.778228     -1.68514
257.057         -0.738975     -1.77396
257.357         -0.701553     -1.86767
257.658         -0.665872     -1.96661
257.958         -0.631850     -2.07112
258.258         -0.599411     -2.18158
258.559         -0.568482     -2.29840
258.859         -0.538995     -2.42202
259.159         -0.510888     -2.55294
259.459         -0.484100     -2.69168
259.760         -0.458576     -2.83881
260.060         -0.434263     -2.99496
260.360         -0.411112     -3.16081
260.661         -0.389078     -3.33712
260.961         -0.368116     -3.52471
261.261         -0.348187     -3.72449
261.562         -0.329252     -3.93745
261.862         -0.311276     -4.16470
262.162         -0.294224     -4.40747
262.462         -0.278067     -4.66714
262.763         -0.262774     -4.94523
263.063         -0.248318     -5.24348
263.363         -0.234673     -5.56382
263.664         -0.221816     -5.90848
263.964         -0.209724     -6.28000
264.264         -0.198376     -6.68129
264.565         -0.187753     -7.11578
264.865         -0.177837     -7.58745
265.165         -0.168612     -8.10105
265.465         -0.160062     -8.66229
265.766         -0.152173     -9.27809
266.066         -0.144933     -9.95704
266.366         -0.138329     -10.7099
266.667         -0.132350     -11.5505
266.967         -0.126988     -12.4969
267.267         -0.122234     -13.5733
267.568         -0.118081     -14.8128
267.868         -0.114520     -16.2622
268.168         -0.111549     -17.9871
268.468         -0.109161     -20.0748
268.769         -0.107352     -22.5970
269.069         -0.106122     -25.3098
269.369         -0.105466     -26.6003
269.670         -0.105385     -24.9020
269.970         -0.105879     -22.1647
270.270         -0.106949     -19.7135
270.571         -0.108595     -17.6920
270.871         -0.110822     -16.0183
271.171         -0.113632     -14.6079
271.471         -0.117031     -13.3985
271.772         -0.121024     -12.3463
272.072         -0.125618     -11.4195
272.372         -0.130819     -10.5952
272.673         -0.136638     -9.85614
272.973         -0.143082     -9.18900
273.273         -0.150163     -8.58345
273.574         -0.157893     -8.03119
273.874         -0.166285     -7.52551
274.174         -0.175352     -7.06088
274.474         -0.185110     -6.63269
274.775         -0.195576     -6.23706
275.075         -0.206767     -5.87064
275.375         -0.218704     -5.53060
275.676         -0.231406     -5.21444
275.976         -0.244897     -4.92001
276.276         -0.259199     -4.64538
276.577         -0.274340     -4.38888
276.877         -0.290346     -4.14899
277.177         -0.307247     -3.92438
277.477         -0.325074     -3.71384
277.778         -0.343860     -3.51627
278.078         -0.363642     -3.33071
278.378         -0.384458     -3.15625
278.679         -0.406348     -2.99209
278.979         -0.429355     -2.83750
279.279         -0.453526     -2.69179
279.580         -0.478910     -2.55435
279.880         -0.505559     -2.42463
280.180         -0.533529     -2.30209
280.480         -0.562881     -2.18627
280.781         -0.593676     -2.07672
281.081         -0.625984     -1.97304
281.381         -0.659876     -1.87486
281.682         -0.695430     -1.78183
281.982         -0.732727     -1.69364
282.282         -0.771856     -1.60998
282.583         -0.812911     -1.53060
282.883         -0.855991     -1.45522
283.183         -0.901205     -1.38362
283.483         -0.948665     -1.31558
283.784         -0.998496     -1.25089
284.084          -1.05083     -1.18937
284.384          -1.10580     -1.13084
284.685          -1.16357     -1.07513
284.985          -1.22429     -1.02209
285.285          -1.28814    -0.971587
285.586          -1.35531    -0.923477
285.886          -1.42599    -0.877640
286.186          -1.50040    -0.833958
286.486          -1.57877    -0.792324
286.787          -1.66135    -0.752635
287.087          -1.74841    -0.714797
287.387          -1.84025    -0.678721
287.688          -1.93716    -0.644322
287.988          -2.03950    -0.611524
288.288          -2.14762    -0.580253
288.589          -2.26192    -0.550440
288.889          -2.38285    -0.522021
289.189          -2.51085    -0.494936
289.489          -2.64643    -0.469128
289.790          -2.79016    -0.444545
290.090          -2.94263    -0.421135
290.390          -3.10450    -0.398853
290.691          -3.27649    -0.377655
290.991          -3.45938    -0.357500
291.291          -3.65405    -0.338348
291.592          -3.86145    -0.320165
291.892          -4.08264    -0.302915
292.192          -4.31878    -0.286568
292.492          -4.57118    -0.271093
292.793          -4.84129    -0.256463
293.093          -5.13075    -0.242652
293.393          -5.44139    -0.229635
293.694          -5.77530    -0.217390
293.994          -6.13486    -0.205896
294.294          -6.52280    -0.195132
294.595          -6.94229    -0.185082
294.895          -7.39703    -0.175727
295.195          -7.89138    -0.167053
295.495          -8.43057    -0.159046
295.796          -9.02089    -0.151691
296.096          -9.67006    -0.144978
296.396          -10.3877    -0.138894
296.697          -11.1860    -0.133432
296.997          -12.0807    -0.128581
297.297          -13.0925    -0.124335
297.598          -14.2495    -0.120686
297.898          -15.5903    -0.117629
298.198          -17.1683    -0.115159
298.498          -19.0553    -0.113272
298.799          -21.3254    -0.111966
299.099          -23.9165    -0.111238
299.399          -25.9782    -0.111088
299.700          -25.5574    -0.111515
300.000          -23.1642    -0.112520
