#     MHz     SWR(LG1.Zin)  SWR(G.Zin)  Real(G.Zin)/50 Imag(G.Zin)/50
100.000           41.4233      5.32738     0.224851    -0.435331
100.400           40.1824      5.28040     0.194647    -0.163673
100.801           38.9805      5.23416     0.192558    0.0871157
101.201           37.8119      5.19264     0.216991     0.348511
101.602           36.6795      5.15857     0.282373     0.656998
102.002           35.5568      5.13202     0.440805      1.07415
102.402           34.4907      5.11242     0.897355      1.71986
102.803           33.4345      5.09562      2.70547      2.44896
103.203           32.4078      5.07798      4.55130     -1.51438
103.604           31.4359      5.05626      1.43664     -2.11760
104.004           30.4732      5.02670     0.600395     -1.33303
104.404           29.5375      4.98897     0.349093    -0.830496
104.805           28.6130      4.94398     0.251904    -0.482603
105.205           27.7360      4.89580     0.213268    -0.205412
105.606           26.8845      4.84768     0.206733    0.0456470
106.006           26.0393      4.80260     0.228154     0.301965
106.406           25.2228      4.76368     0.289621     0.597145
106.807           24.4472      4.73208     0.436541     0.983580
107.207           23.6785      4.70545     0.837251      1.55454
107.608           22.9214      4.68126      2.26487      2.22635
108.008           22.1986      4.65700      4.56837    -0.621179
108.408           21.5007      4.62902      1.74042     -2.09841
108.809           20.8107      4.59423     0.712181     -1.38555
109.209           20.1515      4.55296     0.403559    -0.873592
109.610           19.5218      4.50630     0.285504    -0.518083
110.010           19.0746      4.46508     0.237622    -0.240323
110.410           18.4660      4.41429     0.226565    0.0108182
110.811           17.8752      4.36629     0.245790     0.262812
111.211           17.2938      4.32267     0.305757     0.546746
111.612           16.7324      4.28468     0.447874     0.907156
112.012           16.1958      4.25177     0.817251      1.41389
112.412           15.6669      4.22070      2.00340      1.97909
112.813           15.1488      4.18879      4.18879   0.00105413
113.213           14.6536      4.15419      2.00782     -1.94752
113.614           14.1724      4.11435     0.836767     -1.39497
114.014           13.7011      4.06836     0.469150    -0.896595
114.414           13.2452      4.01754     0.328030    -0.540296
114.815           12.8040      3.96394     0.270428    -0.258943
115.215           12.3756      3.91004     0.255776  -0.00926621
115.616           11.9616      3.85850     0.275060     0.238638
116.016           11.5567      3.81048     0.338316     0.513299
116.416           11.1686      3.76726     0.486681     0.851929
116.817           10.7882      3.72712     0.856317      1.29926
117.217           10.4195      3.68871      1.91742      1.70766
117.618           10.0641      3.64996      3.64202     0.163602
118.018           9.71622      3.60805      2.09630     -1.65834
118.418           9.38232      3.56241     0.944756     -1.31843
118.819           9.05719      3.51204     0.541184    -0.872854
119.219           8.74260      3.45803     0.381345    -0.532499
119.620           8.43822      3.40206     0.315498    -0.257957
120.020           8.14405      3.34628     0.298895   -0.0129574
120.420           7.86033      3.29266     0.321409     0.229349
120.821           7.58284      3.24175     0.394115     0.493831
121.221           7.31493      3.19434     0.560987     0.808018
121.622           7.05574      3.14959     0.955075      1.18286
122.022           6.80627      3.10626      1.92576      1.37598
122.422           6.56486      3.06236      3.06118    0.0568591
122.823           6.32930      3.01591      1.98567     -1.30542
123.223           6.10313      2.96674      1.01676     -1.15125
123.624           5.88419      2.91439     0.617228    -0.793512
124.024           5.67211      2.85962     0.448564    -0.488234
124.424           5.46905      2.80436     0.378494    -0.230526
124.825           5.27109      2.74935     0.363730   0.00396850
125.225           5.08025      2.69642     0.395116     0.236255
125.626           4.89628      2.64634     0.486598     0.484564
126.026           4.71899      2.59908     0.686794     0.759996
126.426           4.54740      2.55373      1.11711      1.02093
126.827           4.38132      2.50910      1.93796     0.937668
127.227           4.22229      2.46441      2.45525    -0.137023
127.628           4.06923      2.41839      1.72372    -0.954031
128.028           3.92157      2.37045      1.03275    -0.903982
128.428           3.77898      2.32069     0.690097    -0.650104
128.829           3.64156      2.26996     0.531830    -0.398348
129.229           3.50917      2.21938     0.467052    -0.169920
129.630           3.38157      2.17006     0.461981    0.0445669
130.030           3.25969      2.12324     0.511769     0.256385
130.430           3.14226      2.07889     0.634357     0.470629
130.831           3.02938      2.03690     0.876261     0.668741
131.231           2.92047      1.99641      1.30263     0.745808
131.632           2.81622      1.95685      1.81587     0.428890
132.032           2.71650      1.91732      1.86445    -0.266454
132.432           2.62065      1.87704      1.40605    -0.641336
132.833           2.52907      1.83606     0.990573    -0.614026
133.233           2.44115      1.79453     0.749479    -0.448206
133.634           2.35709      1.75327     0.629759    -0.258322
134.034           2.27640      1.71298     0.588371   -0.0718734
134.434           2.19993      1.67489     0.607842     0.107294
134.835           2.12683      1.63913     0.689959     0.275356
135.235           2.05708      1.60580     0.849977     0.414424
135.636           1.99090      1.57469      1.10027     0.469797
136.036           1.92791      1.54501      1.38665     0.342180
136.436           1.86858      1.51631      1.51606    0.0147333
136.837           1.81269      1.48797      1.37038    -0.286562
137.237           1.75986      1.45955      1.11425    -0.384932
137.638           1.71069      1.43155     0.907778    -0.331048
138.038           1.66521      1.40454     0.784633    -0.212230
138.438           1.62276      1.37891     0.733722   -0.0741083
138.839           1.58420      1.35589     0.743937    0.0626417
139.239           1.54915      1.33580     0.812423     0.182742
139.640           1.51857      1.31933     0.938839     0.262340
140.040           1.49166      1.30574      1.10691     0.260410
140.440           1.46668      1.29328      1.24675     0.148429
140.841           1.44758      1.28381      1.28003   -0.0435101
141.241           1.43301      1.27586      1.17726    -0.196976
141.642           1.42340      1.26952      1.02129    -0.240802
142.042           1.41849      1.26489     0.890487    -0.193400
142.442           1.41807      1.26248     0.813132   -0.0972305
142.843           1.42257      1.26330     0.792225    0.0174835
143.243           1.43166      1.26779     0.827507     0.130590
143.644           1.44473      1.27578     0.920554     0.220379
144.044           1.46175      1.28701      1.06680     0.252622
144.444           1.48225      1.30058      1.22903     0.181440
144.845           1.50635      1.31581      1.31581  -0.00137185
145.245           1.53288      1.33142      1.25030    -0.201240
145.646           1.56244      1.34741      1.08019    -0.300541
146.046           1.59416      1.36333     0.907630    -0.281698
146.446           1.62787      1.37949     0.785255    -0.189374
146.847           1.66392      1.39666     0.721827   -0.0627275
147.247           1.70189      1.41518     0.715124    0.0771330
147.648           1.74134      1.43524     0.767453     0.217289
148.048           1.78258      1.45711     0.889491     0.339617
148.448           1.82510      1.48027      1.09379     0.402044
148.849           1.86891      1.50421      1.35434     0.321469
149.249           1.91425      1.52841      1.52689    0.0363972
149.650           1.96081      1.55209      1.43377    -0.305632
150.050           2.00849      1.57484      1.15887    -0.466822
150.450           2.05747      1.59668     0.900026    -0.436684
150.851           2.10733      1.61766     0.727557    -0.312023
151.251           2.15844      1.63849     0.633888    -0.153883
151.652           2.21033      1.65961     0.602775    0.0153220
152.052           2.26319      1.68165     0.628703     0.189350
152.452           2.31730      1.70509     0.721118     0.363979
152.853           2.37196      1.72959     0.907802     0.520469
153.253           2.42773      1.75505      1.22587     0.589228
153.654           2.48410      1.78065      1.63104     0.399996
154.054           2.54126      1.80575      1.79219    -0.129552
154.454           2.59971      1.82997      1.48132    -0.570907
154.855           2.65850      1.85256      1.06229    -0.642585
155.255           2.71810      1.87375     0.775214    -0.515096
155.656           2.77836      1.89384     0.614178    -0.332030
156.056           2.83969      1.91363     0.536826    -0.140117
156.456           2.90171      1.93371     0.519116    0.0528751
156.857           2.96412      1.95461     0.556423     0.250308
157.257           3.02689      1.97665     0.663688     0.455148
157.658           3.09064      2.00001     0.883296     0.654246
158.058           3.15539      2.02430      1.28879     0.764577
158.458           3.23635      2.05397      1.85815     0.518200
158.859           3.31403      2.08146      2.03887    -0.257636
159.259           3.38081      2.10368      1.52257    -0.780097
159.660           3.44805      2.12410      1.00012    -0.771337
160.060           3.51582      2.14277     0.697777    -0.577862
160.460           3.58393      2.16006     0.542670    -0.359081
160.861           3.65285      2.17686     0.472053    -0.147003
161.261           3.72202      2.19384     0.457925    0.0604249
161.662           3.79171      2.21180     0.495478     0.272795
162.062           3.86172      2.23110     0.601227     0.499401
162.462           3.93261      2.25189     0.824980     0.737238
162.863           4.00352      2.27346      1.27253     0.912931
163.263           4.07528      2.29529      1.99395     0.685251
163.664           4.14749      2.31639      2.26754    -0.299462
164.064           4.21936      2.33578      1.59244    -0.930311
164.464           4.29185      2.35326     0.980610    -0.873347
164.865           4.36507      2.36885     0.658979    -0.636360
165.265           4.43851      2.38287     0.502171    -0.393923
165.666           4.51233      2.39617     0.431827    -0.168734
166.066           4.58654      2.40968     0.416119    0.0473553
166.466           4.66102      2.42419     0.448783     0.267689
166.867           4.73553      2.44017     0.544939     0.506067
167.267           4.81095      2.45784     0.754000     0.769070
167.668           4.88592      2.47647      1.19602      1.00717
168.068           4.96178      2.49555      2.01416     0.881301
168.468           5.03729      2.51384      2.48946    -0.225862
168.869           5.11355      2.53072      1.71539     -1.03752
169.269           5.18987      2.54548      1.00129    -0.969302
169.670           5.26650      2.55809     0.647696    -0.700394
170.070           5.34362      2.56902     0.481356    -0.438495
170.470           5.42047      2.57893     0.406648    -0.202570
170.871           5.49764      2.58896     0.386430    0.0196207
171.271           5.57490      2.60000     0.411826     0.244012
171.672           5.65280      2.61277     0.494857     0.487303
172.072           5.73050      2.62723     0.679803     0.763295
172.472           5.80855      2.64310      1.08392      1.04886
172.873           5.88604      2.65939      1.92082      1.06815
173.273           5.96449      2.67537      2.67520   -0.0199527
173.674           6.04273      2.68985      1.90231     -1.09789
174.074           6.12139      2.70226      1.06190     -1.06530
174.474           6.20030      2.71241     0.659165    -0.772297
174.875           6.27885      2.72053     0.475441    -0.492106
175.275           6.35772      2.72757     0.392521    -0.245896
175.676           6.43643      2.73451     0.365842   -0.0185881
176.076           6.51557      2.74247     0.382929     0.207762
176.476           6.59499      2.75216     0.451964     0.451473
176.877           6.67392      2.76370     0.609913     0.730964
177.277           6.75330      2.77692     0.960448      1.04427
177.678           6.83256      2.79096      1.74276      1.20465
178.078           6.91198      2.80480      2.76606     0.305510
178.478           6.99142      2.81736      2.15708     -1.09083
178.879           7.07072      2.82782      1.16569     -1.16179
179.279           7.15010      2.83592     0.691930    -0.852924
179.680           7.22966      2.84192     0.482001    -0.554155
180.080           7.30929      2.84658     0.387158    -0.296977
180.480           7.38871      2.85095     0.352424   -0.0644654
180.881           7.46852      2.85620     0.360755     0.162939
181.281           7.54802      2.86310     0.416187     0.404641
181.682           7.62755      2.87205     0.547932     0.681353
182.082           7.70733      2.88290     0.841908      1.00517
182.482           7.78689      2.89486      1.52393      1.27107
182.883           7.86646      2.90690      2.70597     0.688905
183.283           7.94557      2.91785      2.46793    -0.977843
183.684           8.02514      2.92690      1.31997     -1.25382
184.084           8.10449      2.93352     0.747130    -0.942447
184.484           8.18388      2.93789     0.500277    -0.624312
184.885           8.26331      2.94068     0.389387    -0.354762
185.285           8.34273      2.94296     0.345000    -0.116297
185.686           8.42224      2.94591     0.344294     0.112207
186.086           8.50121      2.95040     0.386955     0.350843
186.486           8.58075      2.95708     0.494955     0.621304
186.887           8.65954      2.96573     0.736524     0.943508
187.287           8.73866      2.97585      1.30353      1.27199
187.688           8.81786      2.98638      2.48835      1.03562
188.088           8.89620      2.99607      2.78973    -0.711879
188.488           8.97521      3.00405      1.53568     -1.32897
188.889           9.05379      3.00963     0.828417     -1.04029
189.289           9.13298      3.01290     0.530734    -0.702511
189.690           9.21136      3.01428     0.398775    -0.418681
190.090           9.28937      3.01485     0.342892    -0.173000
190.490           9.36777      3.01587     0.332799    0.0572198
190.891           9.44623      3.01836     0.363589     0.292752
191.291           9.52463      3.02296     0.450743     0.555441
191.692           9.60254      3.02972     0.646867     0.868846
192.092           9.68035      3.03816      1.10489      1.22463
192.492           9.75805      3.04733      2.16816      1.27188
192.893           9.83594      3.05607      3.02885    -0.271139
193.293           9.91343      3.06323      1.82442     -1.36224
193.694           9.99116      3.06815     0.942196     -1.14462
194.094           10.0683      3.07058     0.575054    -0.788884
194.494           10.1454      3.07100     0.415529    -0.488603
194.895           10.2230      3.07041     0.345792    -0.234030
195.295           10.3001      3.06989     0.325745  -0.00103540
195.696           10.3763      3.07057     0.345420     0.231981
196.096           10.4534      3.07336     0.414469     0.486712
196.496           10.5297      3.07838     0.572543     0.787838
196.897           10.6059      3.08531     0.937030      1.14748
197.297           10.6824      3.09331      1.82192      1.38035
197.698           10.7585      3.10118      3.07121     0.287047
198.098           10.8345      3.10778      2.18951     -1.30961
198.498           10.9107      3.11227      1.09811     -1.25084
198.899           10.9865      3.11427     0.636141    -0.883576
199.299           11.0616      3.11407     0.440376    -0.564663
199.700           11.1368      3.11252     0.353731    -0.299197
200.100           11.2121      3.11080     0.322841   -0.0620284
200.501           11.2873      3.11008     0.331875     0.169483
200.901           11.3621      3.11123     0.385175     0.416905
201.301           11.4370      3.11470     0.511851     0.704703
201.702           11.5115      3.12025     0.800107      1.05489
202.102           11.5860      3.12714      1.50460      1.38651
202.503           11.6606      3.13429      2.86943     0.821876
202.903           11.7347      3.14044      2.60445     -1.10693
203.303           11.8084      3.14465      1.30933     -1.34885
203.704           11.8823      3.14646     0.718562    -0.986391
204.104           11.9558      3.14595     0.474678    -0.647208
204.505           12.0290      3.14382     0.367005    -0.368569
204.905           12.1024      3.14120     0.323946    -0.125558
205.305           12.1754      3.13926     0.322517     0.105750
205.706           12.2483      3.13903     0.361925     0.346989
206.106           12.3213      3.14107     0.462756     0.621877
206.507           12.3935      3.14531     0.690455     0.956286
206.907           12.4658      3.15116      1.23923      1.32762
207.307           12.5382      3.15760      2.49389      1.20209
207.708           12.6100      3.16338      2.98213    -0.695139
208.108           12.6818      3.16749      1.59139     -1.41796
208.509           12.7539      3.16930     0.828997     -1.09621
208.909           12.8252      3.16869     0.520535    -0.736703
209.309           12.8962      3.16624     0.386241    -0.442420
209.710           12.9675      3.16297     0.329119    -0.191650
210.110           13.0383      3.16007     0.317039    0.0409637
210.511           13.1092      3.15865     0.343937     0.277437
210.911           13.1798      3.15938     0.423351     0.540648
211.311           13.2502      3.16241     0.603344     0.857194
211.712           13.3204      3.16726      1.02768      1.23421
212.112           13.3903      3.17302      2.06754      1.39184
212.513           13.4599      3.17848      3.17558   -0.0910177
212.913           13.5297      3.18257      1.95612     -1.41905
213.313           13.5987      3.18444     0.976985     -1.20973
213.714           13.6682      3.18394     0.581026    -0.833574
214.114           13.7371      3.18139     0.412432    -0.521198
214.515           13.8060      3.17773     0.338595    -0.260514
214.915           13.8748      3.17410     0.315267   -0.0249045
215.315           13.9431      3.17164     0.330578     0.208376
215.716           14.0114      3.17119     0.391993     0.461561
216.116           14.0793      3.17305     0.534357     0.760533
216.517           14.1473      3.17694     0.862665      1.12605
216.917           14.2147      3.18201      1.67840      1.43217
217.317           14.2825      3.18717      3.07402     0.558875
217.718           14.3498      3.19124      2.39361     -1.28813
218.118           14.4167      3.19332      1.17550     -1.31911
218.519           14.4838      3.19304     0.660588    -0.937972
218.919           14.5505      3.19059     0.447036    -0.605455
219.319           14.5964      3.18580     0.352746    -0.331771
219.720           14.5987      3.17881     0.317334   -0.0887111
220.120           14.6647      3.17556     0.322076     0.143049
220.521           14.7308      3.17415     0.368804     0.388344
220.921           14.7967      3.17499     0.482619     0.671861
221.321           14.8624      3.17798     0.741016      1.01931
221.722           14.9277      3.18241      1.37421      1.38443
222.122           14.9932      3.18725      2.73833      1.04328
222.523           15.0582      3.19132      2.81535    -0.969883
222.923           15.1232      3.19364      1.42593     -1.40254
223.323           15.1877      3.19366     0.760116     -1.04297
223.724           15.2524      3.19145     0.490032    -0.690888
224.124           15.3167      3.18758     0.371704    -0.404083
224.525           15.3810      3.18311     0.322800    -0.157221
224.925           15.4448      3.17919     0.316495    0.0747085
225.325           15.5086      3.17684     0.349574     0.313650
225.726           15.5723      3.17668     0.438981     0.583081
226.126           15.6357      3.17872     0.640885     0.909987
226.527           15.6989      3.18245      1.12345      1.29081
226.927           15.7622      3.18691      2.28368      1.33389
227.327           15.8249      3.19094      3.13097    -0.411086
227.728           15.8877      3.19351      1.76762     -1.44012
228.128           15.9503      3.19392     0.897143     -1.15820
228.529           16.0124      3.19202     0.547732    -0.787373
228.929           16.0746      3.18830     0.397396    -0.483463
229.329           16.1366      3.18364     0.332287    -0.227686
229.730           16.1982      3.17920     0.314558   0.00624726
230.130           16.2599      3.17606     0.335257     0.240741
230.531           16.3213      3.17495     0.404597     0.498307
230.931           16.3824      3.17607     0.563034     0.805297
231.331           16.4435      3.17908     0.931864      1.17780
231.732           16.5044      3.18311      1.84727      1.43108
232.132           16.5650      3.18707      3.16068     0.274088
232.533           16.6255      3.18985      2.19144     -1.36929
232.933           16.6858      3.19066      1.07978     -1.27189
233.333           16.7458      3.18919     0.622746    -0.890791
233.734           16.8058      3.18572     0.430846    -0.567601
234.134           16.8657      3.18105     0.346232    -0.300577
234.535           16.9251      3.17624     0.316213   -0.0627145
234.935           16.9845      3.17243     0.325274     0.169233
235.335           17.0437      3.17046     0.377730     0.417181
235.736           17.1027      3.17070     0.502267     0.706169
236.136           17.1616      3.17295     0.786121      1.06023
236.537           17.2203      3.17651      1.48531      1.40696
236.937           17.2787      3.18032      2.88246     0.874597
237.337           17.3370      3.18329      2.65450     -1.11245
237.738           17.3951      3.18450      1.32327     -1.37056
238.138           17.4531      3.18351     0.720807     -1.00078
238.539           17.5108      3.18041     0.473995    -0.657162
238.939           17.5684      3.17584     0.365297    -0.376439
239.339           17.6258      3.17082     0.321547    -0.132611
239.740           17.6830      3.16647     0.319229    0.0986918
240.140           17.7401      3.16373     0.357079     0.339212
240.541           17.7970      3.16312     0.454713     0.612619
240.941           17.8537      3.16461     0.674868     0.945251
241.341           17.9100      3.16763      1.20424      1.32082
241.742           17.9664      3.17124      2.43552      1.24894
242.142           18.0225      3.17433      3.03473    -0.616179
242.543           18.0786      3.17593      1.64350     -1.42690
242.943           18.1343      3.17543     0.849938     -1.11543
243.343           18.1899      3.17278     0.529551    -0.752747
243.744           18.2454      3.16845     0.390422    -0.455878
244.144           18.3006      3.16335     0.330802    -0.203925
244.545           18.3557      3.15860     0.316885    0.0286522
244.945           18.4107      3.15518     0.341684     0.263856
245.345           18.4653      3.15376     0.417514     0.524222
245.746           18.5198      3.15448     0.589389     0.835869
246.146           18.5742      3.15692     0.991367      1.20867
246.547           18.6284      3.16025      1.97677      1.40178
246.947           18.6825      3.16341      3.16234    0.0551147
247.347           18.7363      3.16535      2.04686     -1.39141
247.748           18.7900      3.16535      1.02111     -1.22967
248.148           18.8435      3.16320     0.601288    -0.854713
248.549           18.8968      3.15920     0.422923    -0.539544
248.949           18.9500      3.15416     0.344386    -0.277186
249.349           19.0029      3.14912     0.318153   -0.0413712
249.750           19.0557      3.14514     0.330853     0.190552
250.150           19.1083      3.14297     0.388573     0.440361
250.551           19.1609      3.14293     0.523272     0.732996
250.951           19.2131      3.14475     0.830937      1.08943
251.351           19.2652      3.14774      1.58657      1.40746
251.752           19.3170      3.15086      2.96528     0.701007
252.152           19.3688      3.15309      2.50459     -1.19103
252.553           19.4204      3.15359      1.24843     -1.33204
252.953           19.4718      3.15197     0.694476    -0.962808
253.353           19.5231      3.14839     0.464619    -0.628097
253.754           19.5741      3.14352     0.362920    -0.352964
254.154           19.6249      3.13832     0.323088    -0.111883
254.555           19.6756      3.13387     0.324112     0.118741
254.955           19.7262      3.13103     0.366352     0.360353
255.355           19.7765      3.13024     0.471876     0.636525
255.756           19.8267      3.13142     0.709494     0.972066
256.156           19.8768      3.13399      1.28130      1.33517
256.557           19.9267      3.13702      2.55162      1.14328
256.957           19.9763      3.13945      2.91649    -0.761088
257.357           20.0257      3.14040      1.54732     -1.39919
257.758           20.0751      3.13933     0.816430     -1.07543
258.158           20.1243      3.13624     0.518020    -0.722123
258.559           20.1731      3.13163     0.387285    -0.431870
258.959           20.2219      3.12640     0.331894    -0.183408
259.359           20.2705      3.12160     0.321167    0.0478739
259.760           20.3191      3.11816     0.349736     0.283513
260.160           20.3674      3.11665     0.431852     0.545893
260.561           20.4155      3.11716     0.616838     0.860337
260.961           20.4633      3.11925      1.05014      1.22863
261.361           20.5111      3.12210      2.08953      1.35161
261.762           20.5588      3.12468      3.11861    -0.130283
262.162           20.6061      3.12602      1.92656     -1.38821
262.563           20.6533      3.12550     0.977109     -1.18821
262.963           20.7004      3.12293     0.586599    -0.821977
263.363           20.7473      3.11868     0.418705    -0.514538
263.764           20.7938      3.11352     0.344942    -0.256492
264.164           20.8404      3.10848     0.321883   -0.0225903
264.565           20.8868      3.10453     0.337926     0.209182
264.965           20.9331      3.10235     0.400784     0.460360
265.365           20.9789      3.10218     0.545569     0.755430
265.766           21.0249      3.10375     0.876457      1.11109
266.166           21.0704      3.10634      1.68165      1.39183
266.567           21.1159      3.10897      3.00447     0.529477
266.967           21.1611      3.11065      2.36742     -1.23313
267.367           21.2062      3.11064      1.18935     -1.29129
267.768           21.2512      3.10863     0.675157    -0.927451
268.168           21.2957      3.10480     0.458863    -0.601593
268.569           21.3403      3.09982     0.362799    -0.331704
268.969           21.3850      3.09465     0.326275   -0.0931886
269.369           21.4290      3.09027     0.330370     0.136732
269.770           21.4729      3.08747     0.376924     0.379146
270.170           21.5168      3.08664     0.490394     0.657313
270.571           21.5605      3.08764     0.745491     0.993728
270.971           21.6040      3.08990      1.35734      1.33827
271.371           21.6474      3.09249      2.64090      1.02303
271.772           21.6905      3.09444      2.79008    -0.866513
272.172           21.7333      3.09491      1.46749     -1.36469
272.573           21.7760      3.09346     0.790307     -1.03715
272.973           21.8187      3.09011     0.510064    -0.693580
273.373           21.8609      3.08540     0.386275    -0.409634
273.774           21.9031      3.08020     0.334505    -0.164457
274.174           21.9451      3.07549     0.326715    0.0655719
274.575           21.9867      3.07214     0.359010     0.301497
274.975           22.0283      3.07066     0.447541     0.565419
275.375           22.0698      3.07107     0.645940     0.881373
275.776           22.1109      3.07292      1.11024      1.24111
276.176           22.1521      3.07540      2.19105      1.28456
276.577           22.1929      3.07753      3.04660    -0.290175
276.977           22.2335      3.07843      1.82122     -1.37159
277.377           22.2737      3.07752     0.940972     -1.14725
277.778           22.3141      3.07470     0.575467    -0.790814
278.178           22.3539      3.07033     0.416496    -0.490877
278.579           22.3940      3.06520     0.346896    -0.236936
278.979           22.4338      3.06026     0.326778  -0.00486536
279.379           22.4730      3.05643     0.346141     0.226702
279.780           22.5121      3.05433     0.414306     0.478981
280.180           22.5512      3.05413     0.569608     0.775698
280.581           22.6619      3.05670     0.924724      1.12872
280.981           22.7017      3.05900      1.77614      1.36351
281.381           22.7410      3.06124      3.01357     0.357892
281.782           22.7802      3.06252      2.23780     -1.25549
282.182           22.8193      3.06214      1.13770     -1.24939
282.583           22.8576      3.05986     0.658912    -0.892945
282.983           22.8965      3.05591     0.454704    -0.575824
283.383           22.9352      3.05095     0.363759    -0.310997
283.784           22.9735      3.04590     0.330379   -0.0749459
284.184           23.0111      3.04167     0.337570     0.154293
284.585           23.0488      3.03901     0.388647     0.397417
284.985           23.0868      3.03821     0.510577     0.677205
285.385           23.1236      3.03911     0.784195      1.01308
285.786           23.1610      3.04114      1.43621      1.33314
286.186           23.1980      3.04340      2.71176     0.889018
286.587           23.2348      3.04497      2.65908    -0.948356
286.987           23.2715      3.04508      1.39564     -1.32678
287.387           23.3073      3.04334     0.767364    -0.999323
287.788           23.3438      3.03985     0.503600    -0.665523
288.188           23.3797      3.03513     0.386222    -0.387709
288.589           23.4151      3.03004     0.337915    -0.145705
288.989           23.4510      3.02551     0.333089    0.0831201
289.389           23.4863      3.02232     0.369303     0.319311
289.790           23.5214      3.02093     0.464715     0.584587
290.190           23.5557      3.02130     0.677531     0.901235
290.591           23.5906      3.02298      1.17422      1.24871
290.991           23.6244      3.02517      2.28670      1.20189
291.391           23.6586      3.02694      2.95541    -0.433336
291.792           23.6927      3.02749      1.72369     -1.34785
292.192           23.7255      3.02628     0.908258     -1.10627
292.593           23.7591      3.02328     0.565750    -0.759922
292.993           23.7927      3.01889     0.415121    -0.467321
293.393           23.8247      3.01384     0.349537    -0.217366
293.794           23.8577      3.00908     0.332390    0.0129396
294.194           23.8896      3.00543     0.355256     0.244323
294.595           23.9216      3.00345     0.429146     0.497631
294.995           23.9536      3.00327     0.595869     0.795552
295.395           23.9847      3.00454     0.976072      1.14228
295.796           24.0162      3.00659      1.86934      1.32199
296.196           24.0474      3.00849      2.99489     0.190310
296.597           24.0781      3.00940      2.11557     -1.26252
296.997           24.1080      3.00870      1.09173     -1.20651
297.397           24.1389      3.00622     0.645020    -0.858828
297.798           24.1688      3.00220     0.451850    -0.550346
298.198           24.1985      2.99729     0.365691    -0.290447
298.599           24.2280      2.99238     0.335395   -0.0567893
298.999           24.2560      2.98833     0.345802     0.171783
299.399           24.2863      2.98583     0.401737     0.415541
299.800           24.3140      2.98507     0.532868     0.696573
300.601           24.3698      2.98771      1.51887      1.31884
301.001           24.3976      2.98966      2.76307     0.741813
301.401           24.4254      2.99088      2.52473     -1.01046
301.802           24.4518      2.99065      1.32931     -1.28566
302.202           24.4789      2.98868     0.746610    -0.961126
302.603           24.5055      2.98507     0.498272    -0.637200
303.003           24.5304      2.98036     0.387029    -0.365452
303.403           24.5568      2.97540     0.342173    -0.126574
303.804           24.5814      2.97104     0.340467     0.101082
304.204           24.6073      2.96803     0.380964     0.337539
304.605           24.6310      2.96670     0.484024     0.604010
305.005           24.6559      2.96705     0.712854     0.920417
305.405           24.6795      2.96855      1.24425      1.25084
305.806           24.7034      2.97047      2.37675      1.10056
306.206           24.7267      2.97190      2.84589    -0.562317
306.607           24.7497      2.97209      1.63033     -1.31760
307.007           24.7723      2.97062     0.877374     -1.06391
307.407           24.7947      2.96746     0.556897    -0.728083
307.808           24.8163      2.96304     0.414447    -0.442863
308.208           24.8373      2.95808     0.352939    -0.196902
308.609           24.8575      2.95347     0.338968    0.0316623
309.009           24.8784      2.95000     0.365729     0.262907
309.409           24.8996      2.94815     0.446119     0.517229
309.810           24.9183      2.94796     0.625888     0.815886
310.210           24.9377      2.94911      1.03474      1.15401
310.611           24.9571      2.95090      1.96886      1.26519
311.011           24.9767      2.95248      2.95237    0.0171911
311.411           24.9938      2.95302      1.99203     -1.26052
311.812           25.0121      2.95203      1.04594     -1.16102
312.212           25.0289      2.94933     0.631068    -0.822770
312.613           25.0460      2.94523     0.449158    -0.523100
313.013           25.0612      2.94036     0.368066    -0.268234
313.413           25.0776      2.93560     0.341174   -0.0369830
313.814           25.0939      2.93174     0.355253     0.190993
314.214           25.1084      2.92935     0.416860     0.435499
314.615           25.1221      2.92862     0.558818     0.717706
315.015           25.1375      2.92937     0.875835      1.04764
315.415           25.1519      2.93097      1.61240      1.29468
315.816           25.1644      2.93259      2.79891     0.573201
316.216           25.1761      2.93342      2.38093     -1.06165
316.617           25.1890      2.93286      1.26206     -1.24055
317.017           25.1995      2.93061     0.725181    -0.920211
317.417           25.2124      2.92689     0.492769    -0.606482
317.818           25.2229      2.92220     0.388095    -0.341001
318.218           25.2325      2.91733     0.347095    -0.105323
318.619           25.2410      2.91312     0.349005     0.121211
319.019           25.2505      2.91024     0.394584     0.358082
319.419           25.2596      2.90900     0.506814     0.625848
319.820           25.2668      2.90927     0.754909     0.941186
320.220           25.2749      2.91059      1.32668      1.24786
320.621           25.2808      2.91218      2.46645     0.972788
321.021           25.2883      2.91325      2.71488    -0.685901
321.421           25.2934      2.91306      1.53393     -1.28143
321.822           25.2961      2.91125     0.844913     -1.01789
322.222           25.3007      2.90790     0.547395    -0.693091
322.623           25.3056      2.90343     0.413791    -0.415582
323.023           25.3077      2.89853     0.356884    -0.173779
323.423           25.3117      2.89408     0.346638    0.0530439
323.824           25.3119      2.89073     0.378101     0.284297
324.224           25.3123      2.88893     0.466450     0.539841
324.625           25.3136      2.88873     0.662281     0.838926
325.025           25.3123      2.88969      1.10588      1.16421
325.425           25.3137      2.89120      2.08019      1.18598
325.826           25.3100      2.89236      2.88129    -0.167545
326.226           25.3090      2.89251      1.86108     -1.25020
326.627           25.3055      2.89114     0.997244     -1.11068
327.027           25.3024      2.88819     0.615779    -0.782628
327.427           25.2979      2.88396     0.446153    -0.492275
327.828           25.2912      2.87908     0.370822    -0.242729
328.228           25.2859      2.87441     0.347974   -0.0139625
328.629           25.2794      2.87067     0.366561     0.213540
329.029           25.2726      2.86837     0.435238     0.459050
329.429           25.2655      2.86765     0.590827     0.742455
329.830           25.2557      2.86822     0.937213      1.06608
330.230           25.2445      2.86949      1.72423      1.25522
330.631           25.2336      2.87072      2.81427     0.373074
331.031           25.2242      2.87113      2.22089     -1.10347
331.431           25.2114      2.87014      1.18989     -1.18907
331.832           25.1969      2.86755     0.701446    -0.874082
332.232           25.1826      2.86359     0.486491    -0.571250
332.633           25.1664      2.85881     0.389340    -0.312492
333.033           25.1528      2.85400     0.352957   -0.0802033
333.433           25.1336      2.84986     0.359369     0.145276
333.834           25.1180      2.84707     0.411410     0.382828
334.234           25.0985      2.84579     0.535461     0.652113
334.635           25.0783      2.84591     0.808429     0.965002
335.035           25.0591      2.84695      1.42988      1.23632
335.435           25.0369      2.84812      2.55471     0.804085
335.836           25.0134      2.84867      2.55372    -0.806019
336.236           24.9908      2.84800      1.42933     -1.23678
336.637           24.9671      2.84580     0.808761    -0.965231
337.037           24.9422      2.84214     0.536463    -0.652430
337.437           24.9137      2.83747     0.413028    -0.383306
337.838           24.8860      2.83253     0.361668    -0.146002
338.238           24.8597      2.82812     0.356120    0.0790568
338.639           24.8272      2.82479     0.393682     0.310565
339.039           24.7978      2.82299     0.492510     0.567670
339.439           24.7669      2.82263     0.709639     0.866530
339.840           24.7352      2.82332      1.19821      1.17116
340.240           24.6998      2.82435      2.20821      1.06883
340.641           24.6648      2.82499      2.76879    -0.368396
341.041           24.6279      2.82456      1.71600     -1.22874
341.441           24.8331      2.82546     0.946367     -1.05511
341.842           24.7981      2.82213     0.599476    -0.738139
342.242           24.7604      2.81766     0.443073    -0.457562
342.643           24.7235      2.81271     0.374239    -0.213596
343.043           24.6847      2.80802     0.356188    0.0126440
343.443           24.6438      2.80428     0.380323     0.239810
343.844           24.6046      2.80197     0.457884     0.486552
344.244           24.5625      2.80110     0.630751     0.770799
344.645           24.5209      2.80142      1.01384      1.08362
345.045           24.4744      2.80227      1.85452      1.19139
345.445           24.4293      2.80297      2.79435     0.144888
345.846           24.3798      2.80274      2.04759     -1.12996
346.246           24.3341      2.80121      1.11474     -1.13045
346.647           24.2843      2.79816     0.676252    -0.822570
347.047           24.2349      2.79388     0.479929    -0.531328
347.447           24.1808      2.78888     0.391195    -0.279696
347.848           24.1283      2.78396     0.360270   -0.0509364
348.248           24.0750      2.77982     0.372249     0.173573
348.649           24.0160      2.77691     0.432528     0.412030
349.049           23.9632      2.77554     0.571811     0.682740
349.449           23.8998      2.77531     0.876697     0.990151
349.850           23.8391      2.77586      1.55647      1.20775
350.250           23.7811      2.77649      2.62369     0.588097
350.651           23.7179      2.77637      2.36340    -0.909543
351.051           23.6523      2.77500      1.32042     -1.18173
351.451           23.5865      2.77218     0.770655    -0.905805
351.852           23.5224      2.76808     0.525018    -0.606065
352.252           23.4517      2.76306     0.412832    -0.345921
352.653           23.3848      2.75796     0.367967    -0.113395
353.053           23.3123      2.75338     0.368255     0.109905
353.453           23.2382      2.74993     0.413672     0.341869
353.854           23.1660      2.74793     0.526258     0.600570
354.254           23.0876      2.74719     0.771400     0.897172
354.655           23.0125      2.74737      1.31595      1.16733
355.055           22.9342      2.74775      2.33900     0.898500
355.455           22.8540      2.74762      2.60520    -0.564978
355.856           22.7727      2.74639      1.56343     -1.19111
356.256           22.6926      2.74378     0.885964    -0.984304
356.657           22.6067      2.73974     0.579756    -0.681082
357.057           22.5187      2.73471     0.439693    -0.412173
357.457           22.4328      2.72939     0.379387    -0.174818
357.858           22.3436      2.72442     0.368052    0.0485716
358.258           22.2532      2.72043     0.400336     0.275641
358.659           22.1604      2.71777     0.491297     0.524054
359.059           22.0678      2.71647     0.690453     0.808110
359.459           21.9713      2.71612      1.12785      1.09844
359.860           21.8749      2.71617      2.02582      1.06975
360.260           21.7758      2.71589      2.70717    -0.142819
360.661           21.6786      2.71470      1.83402     -1.13612
361.061           21.5747      2.71210      1.02517     -1.05232
361.461           21.4746      2.70818     0.645710    -0.755108
361.862           21.3706      2.70314     0.472402    -0.478084
362.262           21.2628      2.69755     0.394715    -0.235130
362.663           21.1526      2.69213     0.371501   -0.0105461
363.063           21.0448      2.68758     0.391852     0.213046
363.463           20.9372      2.68430     0.464944     0.452863
363.864           20.8246      2.68230     0.628314     0.724424
364.264           20.7114      2.68138     0.982780      1.01778
364.665           20.5932      2.68093      1.73816      1.13447
365.065           20.4790      2.68042      2.64783     0.272266
365.465           20.3610      2.67908      2.10691    -0.995958
365.866           20.2432      2.67650      1.18970     -1.10152
366.266           20.1212      2.67251     0.724409    -0.826002
366.667           19.9963      2.66731     0.511663    -0.542949
367.067           19.8753      2.66153     0.414199    -0.294056
367.467           19.7492      2.65570     0.378543   -0.0674010
367.868           19.6248      2.65057     0.387748     0.153926
368.268           19.4930      2.64647     0.445808     0.386684
368.669           19.3623      2.64370     0.581010     0.646694
369.069           19.2324      2.64208     0.871766     0.934481
369.469           19.0987      2.64108      1.49733      1.13115
369.870           18.9687      2.64016      2.46470     0.604979
370.270           18.8302      2.63848      2.34050    -0.764523
370.671           18.6947      2.63572      1.37745     -1.12063
371.071           18.5565      2.63159     0.817027    -0.890514
371.471           18.4189      2.62625     0.558114    -0.605616
371.872           18.2774      2.62008     0.438157    -0.351074
372.272           18.1355      2.61375     0.389258    -0.121769
372.673           17.9936      2.60792     0.387796    0.0982664
373.073           17.8509      2.60311     0.432927     0.325332
373.473           17.7036      2.59946     0.545689     0.575016
373.874           17.5561      2.59697     0.787526     0.853365
374.274           17.4094      2.59526      1.30555      1.08942
374.675           17.2635      2.59373      2.22315     0.825209
375.075           17.1126      2.59161      2.48923    -0.464053
375.475           16.9611      2.58847      1.57985     -1.09718
375.876           16.8067      2.58397     0.923712    -0.943969
376.276           16.6559      2.57831     0.612256    -0.664222
376.677           16.5025      2.57171     0.466888    -0.405293
377.077           16.3483      2.56480     0.403772    -0.173174
377.477           16.1909      2.55816     0.391895    0.0462708
377.878           16.0331      2.55239     0.425749     0.268735
378.278           15.8758      2.54780     0.520479     0.509375
378.679           15.7195      2.54439     0.724686     0.776871
379.079           15.5636      2.54180      1.15756      1.02847
379.479           15.4036      2.53939      1.97866     0.942698
379.880           15.2442      2.53663      2.52689    -0.144083
380.280           15.0799      2.53284      1.77994     -1.02120
380.681           14.9174      2.52785      1.04264    -0.980304
381.081           14.7565      2.52164     0.674198    -0.716173
381.481           14.5943      2.51443     0.500645    -0.455303
381.882           14.4338      2.50683     0.422303    -0.220827
382.282           14.2690      2.49931     0.400112  -0.00165064
382.683           14.1055      2.49255     0.423968     0.217043
383.083           13.9428      2.48688     0.504125     0.449745
383.483           13.7766      2.48222     0.679421     0.706099
383.884           13.6101      2.47839      1.04653     0.959558
384.284           13.4462      2.47498      1.76255     0.983786
384.685           13.2819      2.47128      2.46177     0.139851
385.085           13.1150      2.46668      1.95277    -0.891744
385.485           12.9491      2.46092      1.16881    -0.992565
385.886           12.7842      2.45394     0.743148    -0.757767
386.286           12.6205      2.44596     0.539511    -0.499123
386.687           12.4544      2.43736     0.445135    -0.263509
387.087           12.2888      2.42880     0.412720   -0.0447484
387.487           12.1244      2.42086     0.427679     0.170605
387.888           11.9605      2.41388     0.496122     0.396197
388.288           11.7945      2.40787     0.649366     0.641558
388.689           11.6305      2.40275     0.966437     0.889001
389.089           11.4668      2.39800      1.58709     0.974080
389.489           11.3008      2.39297      2.32866     0.350542
389.890           11.1400      2.38738      2.07182    -0.722226
390.290           10.9780      2.38061      1.29282    -0.974360
390.691           10.8119      2.37242     0.817122    -0.784407
391.091           10.6530      2.36344     0.583313    -0.534021
391.491           10.4896      2.35362     0.472561    -0.299493
391.892           10.3295      2.34383     0.430163   -0.0819703
392.292           10.1709      2.33454     0.437260     0.130023
392.693           10.0102      2.32597     0.496447     0.348852
393.093           9.85451      2.31855     0.633194     0.583316
393.493           9.69683      2.31181     0.912898     0.819726
393.894           9.53726      2.30535      1.45347     0.932016
394.294           9.38279      2.29894      2.16758     0.477072
394.695           9.22677      2.29176      2.11899    -0.539162
395.095           9.07380      2.28362      1.40091    -0.921987
395.495           8.92109      2.27426     0.892168    -0.790789
395.896           8.76697      2.26371     0.631337    -0.556303
396.296           8.61609      2.25260     0.504932    -0.326507
396.697           8.46566      2.24128     0.453162    -0.111791
397.097           8.31857      2.23045     0.453545    0.0961673
397.497           8.17016      2.22020     0.505770     0.308077
397.898           8.02685      2.21107     0.630805     0.531161
398.298           7.87800      2.20227     0.883338     0.752441
398.699           7.73551      2.19419      1.35892     0.868554
399.099           7.59504      2.18605      2.00741     0.526202
399.499           7.45365      2.17716      2.09161    -0.373690
399.900           7.31432      2.16735      1.47678    -0.837371
400.300           7.17430      2.15625     0.962317    -0.771512
400.701           7.03644      2.14417     0.682219    -0.561734
401.101           6.90331      2.13165     0.542517    -0.341525
401.502           6.76835      2.11868     0.482705    -0.132380
401.902           6.63678      2.10613     0.477822    0.0700805
402.302           6.79511      2.11721     0.516594     0.266209
402.703           6.66440      2.10650     0.629660     0.478349
403.103           6.53452      2.09645     0.855903     0.685600
403.504           6.40561      2.08676      1.27213     0.803698
403.904           6.27660      2.07687      1.85221     0.554932
404.304           6.15194      2.06670      2.03684    -0.215364
404.705           6.02721      2.05550      1.54355    -0.735628
405.105           5.90465      2.04328      1.03662    -0.742196
405.506           5.78318      2.03004     0.738624    -0.563664
405.906           5.66500      2.01628     0.584550    -0.356136
406.306           5.54687      2.00212     0.515397    -0.153882
406.707           5.43081      1.98822     0.504165    0.0422631
407.107           5.31622      1.97488     0.545953     0.237853
407.508           5.20284      1.96221     0.654635     0.435438
407.908           5.09160      1.95025     0.867084     0.619516
408.308           4.98327      1.93881      1.23816     0.711433
408.709           4.87479      1.92712      1.72503     0.493711
409.109           4.76845      1.91501      1.90172    -0.135442
409.510           4.66421      1.90215      1.52630    -0.613244
409.910           4.56277      1.88848      1.07757    -0.666645
410.310           4.46137      1.87372     0.788973    -0.526223
410.711           4.36205      1.85842     0.632656    -0.340459
411.111           4.26486      1.84297     0.560575    -0.151816
411.512           4.16913      1.82772     0.547984    0.0330584
411.912           4.07598      1.81313     0.589613     0.215857
412.312           3.98261      1.79896     0.697033     0.394387
412.713           3.89258      1.78564     0.898672     0.548060
413.113           3.80329      1.77254      1.22550     0.601477
413.514           3.71608      1.75948      1.60999     0.394601
413.914           3.63076      1.74606      1.73726    -0.101232
414.314           3.54667      1.73188      1.45809    -0.491039
414.715           3.46537      1.71709      1.09136    -0.564342
415.115           3.38410      1.70129     0.833180    -0.461548
415.516           3.30586      1.68529     0.685402    -0.303349
415.916           3.22848      1.66905     0.616223    -0.134091
416.316           3.15316      1.65317     0.606027    0.0343874
416.717           3.07961      1.63789     0.650505     0.198647
417.117           3.00686      1.62313     0.758578     0.350979
417.518           2.93622      1.60908     0.948077     0.464633
417.918           2.86682      1.59531      1.22293     0.471136
418.318           2.79944      1.58166      1.49634     0.271523
418.719           2.73359      1.56770      1.55739   -0.0973541
419.119           2.66922      1.55318      1.35153    -0.377769
419.520           2.60622      1.53800      1.07658    -0.443558
419.920           2.54460      1.52226     0.867310    -0.371212
420.320           2.48485      1.50634     0.741327    -0.243442
420.721           2.42644      1.49045     0.683177   -0.0994030
421.121           2.36937      1.47493     0.680640    0.0457940
421.522           2.31401      1.46009     0.730960     0.183282
421.922           2.25972      1.44587     0.838927     0.299001
422.322           2.20709      1.43231      1.00830     0.362629
422.723           2.15611      1.41921      1.21638     0.322178
423.123           2.10618      1.40607      1.37577     0.141901
423.524           2.05786      1.39280      1.37548    -0.106708
423.924           2.01076      1.37908      1.22480    -0.277655
424.324           1.96509      1.36496      1.03694    -0.315945
424.725           1.92072      1.35053     0.888297    -0.261417
425.125           1.87796      1.33614     0.797395    -0.162429
425.526           1.83614      1.32191     0.760558   -0.0478540
425.926           1.79587      1.30833     0.772473    0.0660363
426.326           1.75743      1.29566     0.830913     0.165734
426.727           1.71977      1.28360     0.933792     0.232651
427.127           1.68354      1.27223      1.06779     0.240010
427.528           1.64867      1.26129      1.19332     0.164981
427.928           1.61502      1.25043      1.24925    0.0230747
428.328           1.58306      1.23961      1.20490    -0.117554
428.729           1.55241      1.22856      1.09578    -0.193441
429.129           1.52321      1.21739     0.980296    -0.194075
429.530           1.49547      1.20629     0.894237    -0.142694
429.930           1.46931      1.19561     0.848676   -0.0652781
430.330           1.44495      1.18575     0.844366    0.0186336
430.731           1.42208      1.17684     0.878983    0.0933408
431.131           1.40118      1.16916     0.947027     0.142728
431.532           1.38220      1.16260      1.03488     0.149393
431.932           1.36512      1.15692      1.11476     0.102756
432.332           1.35003      1.15186      1.15103    0.0153283
432.733           1.33745      1.14732      1.12590   -0.0738118
433.133           1.32675      1.14294      1.05631    -0.125352
433.534           1.31897      1.13918     0.977205    -0.126876
433.934           1.31339      1.13597     0.915678   -0.0882793
434.334           1.31038      1.13382     0.884943   -0.0271633
434.735           1.30993      1.13303     0.889072    0.0397740
435.135           1.31199      1.13381     0.927348    0.0967764
435.536           1.31643      1.13608     0.993761     0.127121
435.936           1.32317      1.13961      1.07211     0.114617
436.336           1.33222      1.14406      1.13284    0.0538936
436.737           1.34301      1.14888      1.14419   -0.0358679
437.137           1.35609      1.15407      1.09777    -0.114101
437.538           1.37049      1.15917      1.01662    -0.148134
437.938           1.38667      1.16450     0.934825    -0.132196
438.338           1.40418      1.17012     0.875700   -0.0787997
438.739           1.42300      1.17633     0.850176  -0.00487858
439.139           1.44292      1.18328     0.862276    0.0742327
439.540           1.46408      1.19113     0.913235     0.143107
439.940           1.48627      1.19976     0.999963     0.182370
440.340           1.50926      1.20888      1.10735     0.168648
440.741           1.53313      1.21824      1.19825    0.0868668
441.141           1.55766      1.22748      1.22285   -0.0434566
441.542           1.58295      1.23643      1.16100    -0.162993
441.942           1.60893      1.24499      1.04589    -0.219808
442.342           1.63558      1.25322     0.928447    -0.205872
442.743           1.66291      1.26132     0.840334    -0.141435
443.143           1.69083      1.26954     0.792771   -0.0492321
443.544           1.71918      1.27807     0.788390    0.0540178
443.944           1.74794      1.28708     0.829193     0.154660
444.344           1.77720      1.29664     0.917995     0.235744
444.745           1.80698      1.30666      1.05272     0.270156
445.145           1.83725      1.31689      1.20856     0.220597
445.546           1.86801      1.32707      1.31871    0.0687311
445.946           1.89914      1.33688      1.30633    -0.130603
446.346           1.93062      1.34617      1.17504    -0.271955
446.747           1.96238      1.35487      1.00527    -0.305635
447.147           1.99469      1.36319     0.862732    -0.254242
447.548           2.02727      1.37126     0.769649    -0.155889
447.948           2.06014      1.37937     0.727003   -0.0364252
448.348           2.09349      1.38783     0.732830    0.0896828
448.749           2.12705      1.39673     0.789454     0.211260
449.149           2.16083      1.40609     0.903802     0.311037
449.550           2.19492      1.41581      1.07918     0.354287
449.950           2.22944      1.42569      1.28730     0.284748
450.350           2.26410      1.43537      1.42864    0.0701490
450.751           2.29923      1.44466      1.38824    -0.198168
451.151           2.33453      1.45333      1.19587    -0.361573
451.552           2.37009      1.46137     0.980935    -0.377520
451.952           2.40575      1.46888     0.817905    -0.298761
452.352           2.44160      1.47612     0.718685    -0.176720
452.753           2.47805      1.48347     0.675895   -0.0381110
453.153           2.51422      1.49100     0.684410     0.105195
453.554           2.55097      1.49909     0.746774     0.244871
453.954           2.58784      1.50765     0.873938     0.365369
454.354           2.62487      1.51657      1.07758     0.428467
454.755           2.66201      1.52559      1.33548     0.359544
455.155           2.69924      1.53440      1.52323    0.0986741
455.556           2.73703      1.54283      1.47336    -0.239428
455.956           2.77477      1.55058      1.23020    -0.433023
456.356           2.81256      1.55762     0.974570    -0.440344
456.757           2.85065      1.56414     0.791447    -0.342844
457.157           2.88886      1.57035     0.683768    -0.204064
457.558           2.92714      1.57656     0.637147   -0.0517678
457.958           2.96573      1.58308     0.643228     0.104184
458.358           3.00436      1.59007     0.704197     0.258266
458.759           3.04312      1.59759     0.833429     0.398186
459.159           3.08185      1.60548      1.05083     0.487207
459.560           3.12075      1.61354      1.34868     0.439387
459.960           3.15982      1.62145      1.59620     0.157243
460.360           3.19898      1.62890      1.56348    -0.249245
460.761           3.23818      1.63569      1.28174    -0.487110
461.161           3.27785      1.64183     0.986452    -0.497314
461.562           3.31715      1.64729     0.781051    -0.388225
461.962           3.35661      1.65241     0.662086    -0.237400
462.362           3.39619      1.65751     0.608684   -0.0750474
462.763           3.43606      1.66292     0.609054    0.0900987
463.163           3.39755      1.65599     0.666668     0.249260
463.564           3.43684      1.66250     0.787882     0.403747
463.964           3.47669      1.66955      1.00143     0.518554
464.364           3.51606      1.67673      1.31714     0.509091
464.765           3.55586      1.68387      1.62533     0.245726
465.165           3.59532      1.69053      1.64863    -0.210457
465.566           3.63518      1.69661      1.35532    -0.511267
465.966           3.67502      1.70194      1.02355    -0.543845
466.366           3.71488      1.70663     0.791779    -0.433937
466.767           3.75483      1.71092     0.657222    -0.276849
467.167           3.79471      1.71510     0.593509    -0.108281
467.568           3.83460      1.71953     0.585003    0.0625375
467.968           3.87444      1.72443     0.629924     0.233985
468.368           3.91435      1.72993     0.740739     0.401151
468.769           3.95426      1.73594     0.944948     0.540178
469.169           3.99444      1.74228      1.26836     0.573665
469.570           4.03445      1.74857      1.63454     0.348103
469.970           4.07432      1.75447      1.73578    -0.147634
470.370           4.11420      1.75976      1.44357    -0.526081
470.771           4.15408      1.76430      1.07156    -0.591329
471.171           4.19437      1.76821     0.808778    -0.483083
471.572           4.23421      1.77161     0.656153    -0.319811
471.972           4.27406      1.77485     0.581024    -0.144941
472.372           4.31393      1.77830     0.563138    0.0312732
472.773           4.35376      1.78223     0.597754     0.208378
473.173           4.39360      1.78677     0.695188     0.384615
473.574           4.43345      1.79189     0.882855     0.543360
473.974           4.47328      1.79738      1.19770     0.620157
474.374           4.51312      1.80293      1.60478     0.456153
474.775           4.55298      1.80819      1.80648   -0.0462728
475.175           4.59283      1.81287      1.54804    -0.513698
475.576           4.63226      1.81677      1.13879    -0.631583
475.976           4.67183      1.81997     0.839592    -0.533328
476.376           4.71160      1.82267     0.664746    -0.366653
476.777           4.75104      1.82512     0.575792    -0.186642
477.177           4.79053      1.82773     0.547157  -0.00609625
477.578           4.82972      1.83075     0.570520     0.174982
477.978           4.86915      1.83443     0.653192     0.357280
478.378           4.90839      1.83872     0.820362     0.530643
478.779           4.94789      1.84349      1.11428     0.645745
479.179           4.98674      1.84835      1.53869     0.555825
479.580           5.02598      1.85304      1.84715    0.0877935
479.980           5.06483      1.85717      1.66301    -0.467276
480.380           5.10409      1.86063      1.22596    -0.661040
480.781           5.14272      1.86328     0.884767    -0.583611
481.181           5.18176      1.86540     0.682911    -0.416684
481.582           5.22044      1.86719     0.577475    -0.232492
481.982           5.25918      1.86906     0.536775   -0.0482483
482.382           5.29757      1.87131     0.548310     0.135735
482.783           5.33607      1.87420     0.615865     0.321817
483.183           5.37465      1.87776     0.761043     0.505138
483.584           5.41290      1.88183      1.02644     0.650735
483.984           5.45127      1.88616      1.44435     0.635521
484.384           5.48940      1.89035      1.84596     0.241791
484.785           5.52752      1.89409      1.77835    -0.380414
485.185           5.56547      1.89713      1.33318    -0.674225
485.586           5.60349      1.89942     0.945477    -0.632220
485.986           5.64124      1.90105     0.711049    -0.469231
486.386           5.67875      1.90230     0.586015    -0.281811
486.787           5.71646      1.90355     0.531804   -0.0942127
487.187           5.75389      1.90514     0.531064    0.0920535
487.588           5.79148      1.90734     0.583680     0.280374
487.988           5.82852      1.91019     0.706988     0.469852
488.388           5.86604      1.91367     0.940471     0.637744
488.789           5.90302      1.91746      1.33291     0.688695
489.189           5.93987      1.92123      1.79754     0.397450
489.590           5.97689      1.92465      1.87865    -0.250033
489.990           6.01375      1.92741      1.45894    -0.663632
490.390           6.05048      1.92940      1.02326    -0.676437
490.791           6.08709      1.93069     0.750024    -0.523455
491.191           6.12354      1.93154     0.601649    -0.334084
491.592           6.15991      1.93227     0.532197    -0.143327
491.992           6.19617      1.93328     0.518686    0.0449797
492.392           6.23236      1.93484     0.556773     0.234590
492.793           6.26849      1.93710     0.659208     0.427440
493.193           6.30417      1.93999     0.860468     0.610277
493.594           6.34017      1.94334      1.21541     0.714249
493.994           6.37582      1.94675      1.70575     0.535996
494.394           6.41144      1.94988      1.94537   -0.0803991
494.795           6.44704      1.95244      1.59857    -0.620027
495.195           6.48231      1.95422      1.11981    -0.712321
495.596           6.51762      1.95528     0.801113    -0.578218
495.996           6.55263      1.95580     0.624898    -0.388829
496.396           6.58768      1.95613     0.538057    -0.195108
496.797           6.62282      1.95665     0.511092  -0.00477237
497.197           6.65732      1.95764     0.535044     0.185644
497.598           6.69195      1.95934     0.618011     0.379963
497.998           6.72673      1.96174     0.788618     0.571963
498.398           6.76097      1.96462      1.10065     0.714959
498.799           6.79534      1.96771      1.58228     0.643414
499.199           6.82952      1.97062      1.96164     0.114289
499.600           6.86359      1.97301      1.74228    -0.533900
500.000           6.89728      1.97465      1.23652    -0.734106
