#     MHz       0-RL(Zin)   Imag(G.Zin) Real(G.Zin)/50 Imag(G.Zin)/50
1.00000          -1.54699     -152.872      1.00000     -3.05744
1.00801          -1.56961     -151.557      1.00000     -3.03114
1.01602          -1.59235     -150.262      1.00000     -3.00525
1.02402          -1.61521     -148.987      1.00000     -2.97974
1.03203          -1.63819     -147.731      1.00000     -2.95461
1.04004          -1.66128     -146.493      1.00000     -2.92986
1.04805          -1.68450     -145.273      1.00000     -2.90547
1.05606          -1.70783     -144.072      1.00000     -2.88143
1.06406          -1.73127     -142.887      1.00000     -2.85774
1.07207          -1.75483     -141.719      1.00000     -2.83439
1.08008          -1.77850     -140.568      1.00000     -2.81137
1.08809          -1.80229     -139.434      1.00000     -2.78867
1.09610          -1.82619     -138.315      1.00000     -2.76629
1.10410          -1.85020     -137.211      1.00000     -2.74422
1.11211          -1.87432     -136.123      1.00000     -2.72246
1.12012          -1.89854     -135.049      1.00000     -2.70099
1.12813          -1.92288     -133.991      1.00000     -2.67981
1.13614          -1.94732     -132.946      1.00000     -2.65892
1.14414          -1.97188     -131.915      1.00000     -2.63830
1.15215          -1.99653     -130.898      1.00000     -2.61796
1.16016          -2.02130     -129.894      1.00000     -2.59788
1.16817          -2.04616     -128.903      1.00000     -2.57807
1.17618          -2.07113     -127.925      1.00000     -2.55851
1.18418          -2.09621     -126.960      1.00000     -2.53920
1.19219          -2.12138     -126.007      1.00000     -2.52014
1.20020          -2.14666     -125.066      1.00000     -2.50132
1.20821          -2.17204     -124.137      1.00000     -2.48273
1.21622          -2.19751     -123.219      1.00000     -2.46438
1.22422          -2.22309     -122.313      1.00000     -2.44625
1.23223          -2.24877     -121.418      1.00000     -2.42835
1.24024          -2.27454     -120.533      1.00000     -2.41066
1.24825          -2.30041     -119.660      1.00000     -2.39319
1.25626          -2.32637     -118.797      1.00000     -2.37593
1.26426          -2.35244     -117.944      1.00000     -2.35888
1.27227          -2.37859     -117.101      1.00000     -2.34202
1.28028          -2.40484     -116.268      1.00000     -2.32537
1.28829          -2.43119     -115.445      1.00000     -2.30891
1.29630          -2.45762     -114.632      1.00000     -2.29264
1.30430          -2.48415     -113.828      1.00000     -2.27655
1.31231          -2.51077     -113.033      1.00000     -2.26066
1.32032          -2.53749     -112.247      1.00000     -2.24494
1.32833          -2.56429     -111.470      1.00000     -2.22940
1.33634          -2.59118     -110.702      1.00000     -2.21403
1.34434          -2.61816     -109.942      1.00000     -2.19884
1.35235          -2.64523     -109.190      1.00000     -2.18381
1.36036          -2.67239     -108.447      1.00000     -2.16895
1.36837          -2.69963     -107.712      1.00000     -2.15425
1.37638          -2.72696     -106.985      1.00000     -2.13971
1.38438          -2.75438     -106.266      1.00000     -2.12532
1.39239          -2.78188     -105.555      1.00000     -2.11109
1.40040          -2.80947     -104.851      1.00000     -2.09701
1.40841          -2.83714     -104.154      1.00000     -2.08308
1.41642          -2.86490     -103.465      1.00000     -2.06930
1.42442          -2.89274     -102.783      1.00000     -2.05566
1.43243          -2.92066     -102.108      1.00000     -2.04216
1.44044          -2.94866     -101.440      1.00000     -2.02880
1.44845          -2.97675     -100.779      1.00000     -2.01557
1.45646          -3.00492     -100.124      1.00000     -2.00249
1.46446          -3.03317     -99.4764      1.00000     -1.98953
1.47247          -3.06150     -98.8351      1.00000     -1.97670
1.48048          -3.08991     -98.2001      1.00000     -1.96400
1.48849          -3.11840     -97.5714      1.00000     -1.95143
1.49650          -3.14696     -96.9489      1.00000     -1.93898
1.50450          -3.17561     -96.3325      1.00000     -1.92665
1.51251          -3.20434     -95.7221      1.00000     -1.91444
1.52052          -3.23314     -95.1176      1.00000     -1.90235
1.52853          -3.26202     -94.5190      1.00000     -1.89038
1.53654          -3.29097     -93.9260      1.00000     -1.87852
1.54454          -3.32001     -93.3386      1.00000     -1.86677
1.55255          -3.34912     -92.7568      1.00000     -1.85514
1.56056          -3.37830     -92.1805      1.00000     -1.84361
1.56857          -3.40756     -91.6095      1.00000     -1.83219
1.57658          -3.43690     -91.0438      1.00000     -1.82088
1.58458          -3.46631     -90.4833      1.00000     -1.80967
1.59259          -3.49579     -89.9279      1.00000     -1.79856
1.60060          -3.52535     -89.3776      1.00000     -1.78755
1.60861          -3.55498     -88.8323      1.00000     -1.77665
1.61662          -3.58469     -88.2919      1.00000     -1.76584
1.62462          -3.61446     -87.7563      1.00000     -1.75513
1.63263          -3.64431     -87.2255      1.00000     -1.74451
1.64064          -3.67424     -86.6994      1.00000     -1.73399
1.64865          -3.70423     -86.1778      1.00000     -1.72356
1.65666          -3.73430     -85.6609      1.00000     -1.71322
1.66466          -3.76443     -85.1484      1.00000     -1.70297
1.67267          -3.79464     -84.6404      1.00000     -1.69281
1.68068          -3.82492     -84.1367      1.00000     -1.68273
1.68869          -3.85527     -83.6373      1.00000     -1.67275
1.69670          -3.88569     -83.1422      1.00000     -1.66284
1.70470          -3.91618     -82.6512      1.00000     -1.65302
1.71271          -3.94675     -82.1644      1.00000     -1.64329
1.72072          -3.97738     -81.6816      1.00000     -1.63363
1.72873          -4.00807     -81.2028      1.00000     -1.62406
1.73674          -4.03884     -80.7280      1.00000     -1.61456
1.74474          -4.06968     -80.2571      1.00000     -1.60514
1.75275          -4.10059     -79.7900      1.00000     -1.59580
1.76076          -4.13156     -79.3267      1.00000     -1.58653
1.76877          -4.16261     -78.8671      1.00000     -1.57734
1.77678          -4.19372     -78.4113      1.00000     -1.56823
1.78478          -4.22490     -77.9591      1.00000     -1.55918
1.79279          -4.25615     -77.5104      1.00000     -1.55021
1.80080          -4.28746     -77.0653      1.00000     -1.54131
1.80881          -4.31884     -76.6237      1.00000     -1.53247
1.81682          -4.35029     -76.1856      1.00000     -1.52371
1.82482          -4.38181     -75.7508      1.00000     -1.51502
1.83283          -4.41340     -75.3195      1.00000     -1.50639
1.84084          -4.44505     -74.8914      1.00000     -1.49783
1.84885          -4.47677     -74.4666      1.00000     -1.48933
1.85686          -4.50855     -74.0450      1.00000     -1.48090
1.86486          -4.54040     -73.6267      1.00000     -1.47253
1.87287          -4.57232     -73.2114      1.00000     -1.46423
1.88088          -4.60431     -72.7993      1.00000     -1.45599
1.88889          -4.63636     -72.3903      1.00000     -1.44781
1.89690          -4.66848     -71.9842      1.00000     -1.43968
1.90490          -4.70066     -71.5812      1.00000     -1.43162
1.91291          -4.73291     -71.1811      1.00000     -1.42362
1.92092          -4.76523     -70.7840      1.00000     -1.41568
1.92893          -4.79761     -70.3897      1.00000     -1.40779
1.93694          -4.83006     -69.9982      1.00000     -1.39996
1.94494          -4.86258     -69.6096      1.00000     -1.39219
1.95295          -4.89516     -69.2237      1.00000     -1.38447
1.96096          -4.92781     -68.8406      1.00000     -1.37681
1.96897          -4.96052     -68.4602      1.00000     -1.36920
1.97698          -4.99330     -68.0825      1.00000     -1.36165
1.98498          -5.02615     -67.7074      1.00000     -1.35415
1.99299          -5.05906     -67.3349      1.00000     -1.34670
2.00100          -5.09204     -66.9650      1.00000     -1.33930
2.00901          -5.12508     -66.5976      1.00000     -1.33195
2.01702          -5.15819     -66.2328      1.00000     -1.32466
2.02503          -5.19136     -65.8705      1.00000     -1.31741
2.03303          -5.22461     -65.5106      1.00000     -1.31021
2.04104          -5.25792     -65.1531      1.00000     -1.30306
2.04905          -5.29129     -64.7980      1.00000     -1.29596
2.05706          -5.32473     -64.4453      1.00000     -1.28891
2.06507          -5.35824     -64.0950      1.00000     -1.28190
2.07307          -5.39181     -63.7470      1.00000     -1.27494
2.08108          -5.42545     -63.4012      1.00000     -1.26802
2.08909          -5.45916     -63.0578      1.00000     -1.26116
2.09710          -5.49293     -62.7165      1.00000     -1.25433
2.10511          -5.52678     -62.3775      1.00000     -1.24755
2.11311          -5.56068     -62.0407      1.00000     -1.24081
2.12112          -5.59466     -61.7060      1.00000     -1.23412
2.12913          -5.62870     -61.3735      1.00000     -1.22747
2.13714          -5.66281     -61.0431      1.00000     -1.22086
2.14515          -5.69699     -60.7147      1.00000     -1.21429
2.15315          -5.73123     -60.3885      1.00000     -1.20777
2.16116          -5.76554     -60.0643      1.00000     -1.20129
2.16917          -5.79992     -59.7421      1.00000     -1.19484
2.17718          -5.83437     -59.4219      1.00000     -1.18844
2.18519          -5.86889     -59.1037      1.00000     -1.18207
2.19319          -5.90347     -58.7874      1.00000     -1.17575
2.20120          -5.93813     -58.4731      1.00000     -1.16946
2.20921          -5.97285     -58.1607      1.00000     -1.16321
2.21722          -6.00764     -57.8502      1.00000     -1.15700
2.22523          -6.04250     -57.5416      1.00000     -1.15083
2.23323          -6.07743     -57.2348      1.00000     -1.14470
2.24124          -6.11243     -56.9298      1.00000     -1.13860
2.24925          -6.14750     -56.6267      1.00000     -1.13253
2.25726          -6.18264     -56.3253      1.00000     -1.12651
2.26527          -6.21784     -56.0258      1.00000     -1.12052
2.27327          -6.25312     -55.7280      1.00000     -1.11456
2.28128          -6.28847     -55.4319      1.00000     -1.10864
2.28929          -6.32390     -55.1375      1.00000     -1.10275
2.29730          -6.35939     -54.8449      1.00000     -1.09690
2.30531          -6.39495     -54.5539      1.00000     -1.09108
2.31331          -6.43059     -54.2646      1.00000     -1.08529
2.32132          -6.46630     -53.9769      1.00000     -1.07954
2.32933          -6.50208     -53.6909      1.00000     -1.07382
2.33734          -6.53793     -53.4065      1.00000     -1.06813
2.34535          -6.57385     -53.1237      1.00000     -1.06247
2.35335          -6.60985     -52.8424      1.00000     -1.05685
2.36136          -6.64593     -52.5628      1.00000     -1.05126
2.36937          -6.68207     -52.2847      1.00000     -1.04569
2.37738          -6.71829     -52.0081      1.00001     -1.04016
2.38539          -6.75459     -51.7330      1.00001     -1.03466
2.39339          -6.79096     -51.4595      1.00001     -1.02919
2.40140          -6.82740     -51.1874      1.00001     -1.02375
2.40941          -6.86392     -50.9168      1.00001     -1.01834
2.41742          -6.90052     -50.6477      1.00001     -1.01295
2.42543          -6.93719     -50.3800      1.00001     -1.00760
2.43343          -6.97394     -50.1137      1.00001     -1.00227
2.44144          -7.01076     -49.8489      1.00001    -0.996978
2.44945          -7.04766     -49.5855      1.00001    -0.991709
2.45746          -7.08465     -49.3234      1.00001    -0.986468
2.46547          -7.12170     -49.0627      1.00001    -0.981255
2.47347          -7.15884     -48.8034      1.00001    -0.976068
2.48148          -7.19606     -48.5455      1.00001    -0.970909
2.48949          -7.23335     -48.2888      1.00001    -0.965777
2.49750          -7.27073     -48.0335      1.00001    -0.960671
2.50551          -7.30818     -47.7795      1.00001    -0.955591
2.51351          -7.34572     -47.5268      1.00001    -0.950537
2.52152          -7.38334     -47.2754      1.00001    -0.945509
2.52953          -7.42104     -47.0253      1.00001    -0.940506
2.53754          -7.45882     -46.7764      1.00001    -0.935528
2.54555          -7.49668     -46.5288      1.00001    -0.930576
2.55355          -7.53463     -46.2824      1.00001    -0.925648
2.56156          -7.57265     -46.0372      1.00001    -0.920745
2.56957          -7.61077     -45.7933      1.00001    -0.915866
2.57758          -7.64897     -45.5505      1.00001    -0.911011
2.58559          -7.68725     -45.3090      1.00001    -0.906180
2.59359          -7.72562     -45.0686      1.00001    -0.901372
2.60160          -7.76407     -44.8294      1.00001    -0.896588
2.60961          -7.80261     -44.5914      1.00001    -0.891827
2.61762          -7.84124     -44.3545      1.00001    -0.887089
2.62563          -7.87995     -44.1187      1.00001    -0.882374
2.63363          -7.91876     -43.8841      1.00001    -0.877682
2.64164          -7.95765     -43.6506      1.00001    -0.873011
2.64965          -7.99663     -43.4182      1.00001    -0.868363
2.65766          -8.03570     -43.1869      1.00001    -0.863737
2.66567          -8.07486     -42.9566      1.00001    -0.859133
2.67367          -8.11412     -42.7275      1.00001    -0.854550
2.68168          -8.15346     -42.4994      1.00001    -0.849989
2.68969          -8.19290     -42.2724      1.00001    -0.845448
2.69770          -8.23242     -42.0464      1.00001    -0.840929
2.70571          -8.27205     -41.8215      1.00001    -0.836430
2.71371          -8.31176     -41.5976      1.00001    -0.831952
2.72172          -8.35157     -41.3748      1.00001    -0.827495
2.72973          -8.39148     -41.1529      1.00001    -0.823058
2.73774          -8.43148     -40.9320      1.00001    -0.818641
2.74575          -8.47158     -40.7122      1.00001    -0.814243
2.75375          -8.51178     -40.4933      1.00001    -0.809866
2.76176          -8.55207     -40.2754      1.00001    -0.805508
2.76977          -8.59247     -40.0585      1.00001    -0.801169
2.77778          -8.63296     -39.8425      1.00001    -0.796850
2.78579          -8.67355     -39.6275      1.00001    -0.792549
2.79379          -8.71425     -39.4134      1.00001    -0.788268
2.80180          -8.75504     -39.2003      1.00001    -0.784005
2.80981          -8.79594     -38.9880      1.00001    -0.779761
2.81782          -8.83694     -38.7768      1.00001    -0.775535
2.82583          -8.87805     -38.5664      1.00001    -0.771328
2.83383          -8.91926     -38.3569      1.00001    -0.767138
2.84184          -8.96057     -38.1483      1.00001    -0.762967
2.84985          -9.00199     -37.9406      1.00001    -0.758813
2.85786          -9.04352     -37.7338      1.00001    -0.754677
2.86587          -9.08516     -37.5279      1.00001    -0.750558
2.87387          -9.12690     -37.3229      1.00001    -0.746457
2.88188          -9.16876     -37.1186      1.00001    -0.742373
2.88989          -9.21072     -36.9153      1.00001    -0.738306
2.89790          -9.25280     -36.7128      1.00001    -0.734256
2.90591          -9.29499     -36.5111      1.00001    -0.730223
2.91391          -9.33729     -36.3103      1.00001    -0.726206
2.92192          -9.37970     -36.1103      1.00001    -0.722206
2.92993          -9.42223     -35.9111      1.00001    -0.718222
2.93794          -9.46488     -35.7127      1.00001    -0.714254
2.94595          -9.50764     -35.5151      1.00001    -0.710303
2.95395          -9.55052     -35.3184      1.00001    -0.706367
2.96196          -9.59352     -35.1224      1.00001    -0.702448
2.96997          -9.63664     -34.9272      1.00001    -0.698544
2.97798          -9.67988     -34.7328      1.00001    -0.694655
2.98599          -9.72324     -34.5391      1.00001    -0.690783
2.99399          -9.76672     -34.3463      1.00001    -0.686925
3.00200          -9.81033     -34.1541      1.00001    -0.683083
3.01001          -9.85406     -33.9628      1.00001    -0.679255
3.01802          -9.89792     -33.7722      1.00001    -0.675443
3.02603          -9.94190     -33.5823      1.00001    -0.671646
3.03403          -9.98601     -33.3931      1.00001    -0.667863
3.04204          -10.0302     -33.2047      1.00001    -0.664095
3.05005          -10.0746     -33.0171      1.00001    -0.660341
3.05806          -10.1191     -32.8301      1.00001    -0.656602
3.06607          -10.1638     -32.6439      1.00001    -0.652877
3.07407          -10.2085     -32.4583      1.00001    -0.649166
3.08208          -10.2534     -32.2735      1.00001    -0.645470
3.09009          -10.2985     -32.0893      1.00001    -0.641787
3.09810          -10.3436     -31.9059      1.00001    -0.638118
3.10611          -10.3889     -31.7231      1.00001    -0.634463
3.11411          -10.4344     -31.5411      1.00001    -0.630821
3.12212          -10.4800     -31.3597      1.00001    -0.627193
3.13013          -10.5257     -31.1789      1.00001    -0.623578
3.13814          -10.5716     -30.9989      1.00001    -0.619977
3.14615          -10.6176     -30.8195      1.00001    -0.616389
3.15415          -10.6638     -30.6407      1.00001    -0.612814
3.16216          -10.7101     -30.4626      1.00001    -0.609252
3.17017          -10.7565     -30.2851      1.00001    -0.605703
3.17818          -10.8031     -30.1083      1.00001    -0.602167
3.18619          -10.8499     -29.9322      1.00001    -0.598643
3.19419          -10.8968     -29.7566      1.00001    -0.595132
3.20220          -10.9439     -29.5817      1.00001    -0.591634
3.21021          -10.9911     -29.4074      1.00001    -0.588148
3.21822          -11.0385     -29.2337      1.00001    -0.584674
3.22623          -11.0860     -29.0606      1.00001    -0.581213
3.23423          -11.1337     -28.8882      1.00001    -0.577763
3.24224          -11.1816     -28.7163      1.00001    -0.574326
3.25025          -11.2296     -28.5451      1.00001    -0.570901
3.25826          -11.2778     -28.3744      1.00001    -0.567488
3.26627          -11.3261     -28.2043      1.00001    -0.564086
3.27427          -11.3746     -28.0348      1.00001    -0.560697
3.28228          -11.4233     -27.8659      1.00001    -0.557318
3.29029          -11.4722     -27.6976      1.00001    -0.553952
3.29830          -11.5212     -27.5298      1.00001    -0.550597
3.30631          -11.5704     -27.3626      1.00001    -0.547253
3.31431          -11.6198     -27.1960      1.00001    -0.543920
3.32232          -11.6694     -27.0300      1.00001    -0.540599
3.33033          -11.7191     -26.8645      1.00001    -0.537289
3.33834          -11.7690     -26.6995      1.00001    -0.533990
3.34635          -11.8191     -26.5351      1.00001    -0.530702
3.35435          -11.8694     -26.3712      1.00001    -0.527425
3.36236          -11.9199     -26.2079      1.00001    -0.524158
3.37037          -11.9705     -26.0451      1.00001    -0.520903
3.37838          -12.0214     -25.8829      1.00001    -0.517658
3.38639          -12.0724     -25.7212      1.00001    -0.514423
3.39439          -12.1237     -25.5600      1.00001    -0.511199
3.40240          -12.1751     -25.3993      1.00001    -0.507986
3.41041          -12.2267     -25.2391      1.00001    -0.504783
3.41842          -12.2786     -25.0795      1.00001    -0.501590
3.42643          -12.3306     -24.9204      1.00001    -0.498408
3.43443          -12.3828     -24.7618      1.00001    -0.495235
3.44244          -12.4353     -24.6036      1.00001    -0.492073
3.45045          -12.4879     -24.4460      1.00001    -0.488921
3.45846          -12.5408     -24.2889      1.00001    -0.485778
3.46647          -12.5939     -24.1323      1.00001    -0.482646
3.47447          -12.6472     -23.9761      1.00001    -0.479523
3.48248          -12.7007     -23.8205      1.00001    -0.476410
3.49049          -12.7544     -23.6653      1.00001    -0.473307
3.49850          -12.8084     -23.5106      1.00001    -0.470213
3.50651          -12.8626     -23.3564      1.00001    -0.467129
3.51451          -12.9170     -23.2027      1.00001    -0.464054
3.52252          -12.9716     -23.0494      1.00001    -0.460989
3.53053          -13.0265     -22.8966      1.00001    -0.457933
3.53854          -13.0816     -22.7443      1.00001    -0.454886
3.54655          -13.1370     -22.5924      1.00001    -0.451848
3.55455          -13.1926     -22.4410      1.00001    -0.448820
3.56256          -13.2484     -22.2900      1.00001    -0.445801
3.57057          -13.3045     -22.1395      1.00001    -0.442791
3.57858          -13.3608     -21.9895      1.00001    -0.439789
3.58659          -13.4174     -21.8399      1.00001    -0.436797
3.59459          -13.4742     -21.6907      1.00001    -0.433814
3.60260          -13.5313     -21.5419      1.00001    -0.430839
3.61061          -13.5887     -21.3937      1.00001    -0.427873
3.61862          -13.6463     -21.2458      1.00001    -0.424916
3.62663          -13.7042     -21.0984      1.00001    -0.421967
3.63463          -13.7624     -20.9513      1.00001    -0.419027
3.64264          -13.8208     -20.8048      1.00001    -0.416095
3.65065          -13.8795     -20.6586      1.00001    -0.413172
3.65866          -13.9385     -20.5129      1.00001    -0.410257
3.66667          -13.9978     -20.3675      1.00001    -0.407351
3.67467          -14.0573     -20.2226      1.00001    -0.404453
3.68268          -14.1172     -20.0781      1.00001    -0.401563
3.69069          -14.1773     -19.9341      1.00001    -0.398681
3.69870          -14.2378     -19.7904      1.00001    -0.395807
3.70671          -14.2985     -19.6471      1.00001    -0.392942
3.71471          -14.3596     -19.5042      1.00001    -0.390084
3.72272          -14.4210     -19.3617      1.00001    -0.387235
3.73073          -14.4826     -19.2197      1.00001    -0.384393
3.73874          -14.5446     -19.0780      1.00001    -0.381559
3.74675          -14.6070     -18.9367      1.00001    -0.378733
3.75475          -14.6696     -18.7958      1.00001    -0.375915
3.76276          -14.7326     -18.6552      1.00001    -0.373105
3.77077          -14.7959     -18.5151      1.00001    -0.370302
3.77878          -14.8595     -18.3753      1.00001    -0.367506
3.78679          -14.9235     -18.2359      1.00001    -0.364719
3.79479          -14.9879     -18.0969      1.00001    -0.361939
3.80280          -15.0526     -17.9583      1.00001    -0.359166
3.81081          -15.1176     -17.8200      1.00001    -0.356401
3.81882          -15.1830     -17.6821      1.00001    -0.353643
3.82683          -15.2488     -17.5446      1.00001    -0.350892
3.83483          -15.3150     -17.4074      1.00001    -0.348149
3.84284          -15.3815     -17.2706      1.00001    -0.345413
3.85085          -15.4484     -17.1342      1.00001    -0.342684
3.85886          -15.5157     -16.9981      1.00001    -0.339962
3.86687          -15.5834     -16.8624      1.00001    -0.337248
3.87487          -15.6515     -16.7270      1.00001    -0.334540
3.88288          -15.7200     -16.5920      1.00001    -0.331840
3.89089          -15.7889     -16.4573      1.00001    -0.329146
3.89890          -15.8582     -16.3230      1.00001    -0.326460
3.90691          -15.9280     -16.1890      1.00001    -0.323780
3.91491          -15.9982     -16.0554      1.00001    -0.321107
3.92292          -16.0688     -15.9220      1.00001    -0.318441
3.93093          -16.1398     -15.7891      1.00001    -0.315782
3.93894          -16.2113     -15.6565      1.00001    -0.313129
3.94695          -16.2833     -15.5242      1.00001    -0.310483
3.95495          -16.3557     -15.3922      1.00001    -0.307844
3.96296          -16.4286     -15.2606      1.00001    -0.305211
3.97097          -16.5020     -15.1293      1.00001    -0.302585
3.97898          -16.5758     -14.9983      1.00001    -0.299966
3.98699          -16.6501     -14.8676      1.00001    -0.297352
3.99499          -16.7250     -14.7373      1.00001    -0.294746
4.00300          -16.8003     -14.6073      1.00001    -0.292146
4.01101          -16.8762     -14.4776      1.00001    -0.289552
4.01902          -16.9526     -14.3482      1.00001    -0.286964
4.02703          -17.0295     -14.2191      1.00001    -0.284383
4.03504          -17.1069     -14.0904      1.00001    -0.281808
4.04304          -17.1850     -13.9619      1.00001    -0.279239
4.05105          -17.2635     -13.8338      1.00001    -0.276676
4.05906          -17.3426     -13.7060      1.00001    -0.274120
4.06707          -17.4224     -13.5785      1.00001    -0.271569
4.07508          -17.5026     -13.4513      1.00001    -0.269025
4.08308          -17.5835     -13.3243      1.00001    -0.266487
4.09109          -17.6650     -13.1977      1.00001    -0.263955
4.09910          -17.7472     -13.0714      1.00001    -0.261428
4.10711          -17.8299     -12.9454      1.00001    -0.258908
4.11512          -17.9133     -12.8197      1.00001    -0.256393
4.12312          -17.9973     -12.6942      1.00001    -0.253885
4.13113          -18.0820     -12.5691      1.00001    -0.251382
4.13914          -18.1674     -12.4442      1.00001    -0.248885
4.14715          -18.2535     -12.3197      1.00001    -0.246394
4.15516          -18.3402     -12.1954      1.00001    -0.243908
4.16316          -18.4277     -12.0714      1.00001    -0.241428
4.17117          -18.5159     -11.9477      1.00001    -0.238954
4.17918          -18.6048     -11.8243      1.00001    -0.236485
4.18719          -18.6945     -11.7011      1.00001    -0.234022
4.19520          -18.7850     -11.5782      1.00001    -0.231565
4.20320          -18.8763     -11.4557      1.00001    -0.229113
4.21121          -18.9683     -11.3333      1.00001    -0.226667
4.21922          -19.0612     -11.2113      1.00001    -0.224226
4.22723          -19.1549     -11.0895      1.00001    -0.221790
4.23524          -19.2494     -10.9680      1.00001    -0.219360
4.24324          -19.3448     -10.8468      1.00001    -0.216935
4.25125          -19.4411     -10.7258      1.00001    -0.214516
4.25926          -19.5383     -10.6051      1.00001    -0.212102
4.26727          -19.6364     -10.4847      1.00001    -0.209693
4.27528          -19.7355     -10.3645      1.00001    -0.207290
4.28328          -19.8355     -10.2446      1.00001    -0.204891
4.29129          -19.9365     -10.1249      1.00001    -0.202498
4.29930          -20.0385     -10.0055      1.00001    -0.200110
4.30731          -20.1415     -9.88638      1.00001    -0.197728
4.31532          -20.2456     -9.76749      1.00001    -0.195350
4.32332          -20.3508     -9.64886      1.00001    -0.192977
4.33133          -20.4570     -9.53048      1.00001    -0.190610
4.33934          -20.5644     -9.41236      1.00001    -0.188247
4.34735          -20.6729     -9.29448      1.00001    -0.185890
4.35536          -20.7826     -9.17685      1.00001    -0.183537
4.36336          -20.8935     -9.05947      1.00001    -0.181189
4.37137          -21.0056     -8.94233      1.00001    -0.178847
4.37938          -21.1190     -8.82544      1.00001    -0.176509
4.38739          -21.2337     -8.70879      1.00001    -0.174176
4.39540          -21.3497     -8.59239      1.00001    -0.171848
4.40340          -21.4671     -8.47622      1.00001    -0.169524
4.41141          -21.5858     -8.36029      1.00001    -0.167206
4.41942          -21.7061     -8.24460      1.00001    -0.164892
4.42743          -21.8277     -8.12915      1.00001    -0.162583
4.43544          -21.9509     -8.01393      1.00001    -0.160279
4.44344          -22.0757     -7.89895      1.00001    -0.157979
4.45145          -22.2020     -7.78420      1.00001    -0.155684
4.45946          -22.3300     -7.66968      1.00001    -0.153394
4.46747          -22.4596     -7.55539      1.00001    -0.151108
4.47548          -22.5910     -7.44133      1.00001    -0.148827
4.48348          -22.7242     -7.32750      1.00001    -0.146550
4.49149          -22.8592     -7.21389      1.00001    -0.144278
4.49950          -22.9961     -7.10051      1.00001    -0.142010
4.50751          -23.1349     -6.98735      1.00001    -0.139747
4.51552          -23.2758     -6.87442      1.00001    -0.137488
4.52352          -23.4187     -6.76171      1.00001    -0.135234
4.53153          -23.5638     -6.64922      1.00001    -0.132984
4.53954          -23.7111     -6.53694      1.00001    -0.130739
4.54755          -23.8606     -6.42489      1.00001    -0.128498
4.55556          -24.0125     -6.31305      1.00001    -0.126261
4.56356          -24.1669     -6.20143      1.00001    -0.124029
4.57157          -24.3237     -6.09002      1.00001    -0.121800
4.57958          -24.4832     -5.97883      1.00001    -0.119577
4.58759          -24.6454     -5.86785      1.00001    -0.117357
4.59560          -24.8104     -5.75708      1.00001    -0.115142
4.60360          -24.9782     -5.64652      1.00001    -0.112930
4.61161          -25.1491     -5.53617      1.00001    -0.110723
4.61962          -25.3231     -5.42603      1.00001    -0.108521
4.62763          -25.5004     -5.31610      1.00001    -0.106322
4.63564          -25.6811     -5.20637      1.00001    -0.104127
4.64364          -25.8653     -5.09685      1.00001    -0.101937
4.65165          -26.0531     -4.98753      1.00001   -0.0997505
4.65966          -26.2448     -4.87841      1.00001   -0.0975682
4.66767          -26.4404     -4.76950      1.00001   -0.0953899
4.67568          -26.6403     -4.66078      1.00001   -0.0932156
4.68368          -26.8445     -4.55227      1.00001   -0.0910453
4.69169          -27.0532     -4.44395      1.00001   -0.0888790
4.69970          -27.2667     -4.33583      1.00001   -0.0867167
4.70771          -27.4853     -4.22791      1.00001   -0.0845582
4.71572          -27.7091     -4.12019      1.00001   -0.0824037
4.72372          -27.9384     -4.01266      1.00001   -0.0802531
4.73173          -28.1735     -3.90532      1.00001   -0.0781064
4.73974          -28.4148     -3.79817      1.00001   -0.0759635
4.74775          -28.6625     -3.69122      1.00001   -0.0738244
4.75576          -28.9171     -3.58446      1.00001   -0.0716891
4.76376          -29.1790     -3.47788      1.00001   -0.0695577
4.77177          -29.4485     -3.37150      1.00001   -0.0674300
4.77978          -29.7262     -3.26531      1.00001   -0.0653061
4.78779          -30.0126     -3.15930      1.00001   -0.0631859
4.79580          -30.3082     -3.05347      1.00001   -0.0610695
4.80380          -30.6137     -2.94784      1.00001   -0.0589567
4.81181          -30.9299     -2.84238      1.00001   -0.0568476
4.81982          -31.2574     -2.73711      1.00001   -0.0547422
4.82783          -31.5972     -2.63202      1.00001   -0.0526405
4.83584          -31.9503     -2.52712      1.00001   -0.0505423
4.84384          -32.3177     -2.42239      1.00001   -0.0484478
4.85185          -32.7007     -2.31784      1.00001   -0.0463569
4.85986          -33.1007     -2.21347      1.00001   -0.0442695
4.86787          -33.5193     -2.10928      1.00001   -0.0421857
4.87588          -33.9583     -2.00527      1.00001   -0.0401054
4.88388          -34.4200     -1.90143      1.00001   -0.0380287
4.89189          -34.9067     -1.79777      1.00001   -0.0359555
4.89990          -35.4215     -1.69429      1.00001   -0.0338857
4.90791          -35.9679     -1.59097      1.00001   -0.0318194
4.91592          -36.5499     -1.48783      1.00001   -0.0297566
4.92392          -37.1727     -1.38486      1.00001   -0.0276972
4.93193          -37.8426     -1.28206      1.00001   -0.0256412
4.93994          -38.5672     -1.17943      1.00001   -0.0235887
4.94795          -39.3564     -1.07697      1.00001   -0.0215395
4.95596          -40.2232    -0.974684      1.00001   -0.0194937
4.96396          -41.1844    -0.872561      1.00001   -0.0174512
4.97197          -42.2636    -0.770605      1.00001   -0.0154121
4.97998          -43.4941    -0.668815      1.00001   -0.0133763
4.98799          -44.9256    -0.567191      1.00001   -0.0113438
4.99600          -46.6374    -0.465731      1.00001  -0.00931461
5.01201          -51.5910    -0.263301      1.00001  -0.00526602
5.02002          -55.7921    -0.162329      1.00001  -0.00324659
5.02803          -64.2197   -0.0615195      1.00001  -0.00123039
5.03604          -68.1495    0.0391299      1.00001  0.000782599
5.04404          -57.1011     0.139620      1.00001   0.00279239
5.05205          -52.3976     0.239950      1.00001   0.00479900
5.06006          -49.3674     0.340122      1.00001   0.00680245
5.06807          -47.1284     0.440137      1.00001   0.00880274
5.07608          -45.3524     0.539995      1.00001    0.0107999
5.08408          -43.8807     0.639697      1.00001    0.0127939
5.09209          -42.6245     0.739243      1.00001    0.0147849
5.10010          -41.5289     0.838635      1.00001    0.0167727
5.10811          -40.5575     0.937873      1.00001    0.0187575
5.11612          -39.6853      1.03696      1.00001    0.0207392
5.12412          -38.8939      1.13589      1.00001    0.0227178
5.13213          -38.1697      1.23467      1.00001    0.0246934
5.14014          -37.5022      1.33330      1.00001    0.0266660
5.14815          -36.8834      1.43178      1.00001    0.0286356
5.15616          -36.3066      1.53011      1.00001    0.0306022
5.16416          -35.7665      1.62829      1.00001    0.0325658
5.17217          -35.2589      1.72632      1.00001    0.0345265
5.18018          -34.7800      1.82421      1.00001    0.0364842
5.18819          -34.3268      1.92195      1.00001    0.0384389
5.19620          -33.8968      2.01954      1.00001    0.0403908
5.20420          -33.4876      2.11699      1.00001    0.0423397
5.21221          -33.0975      2.21429      1.00001    0.0442857
5.22022          -32.7247      2.31144      1.00001    0.0462289
5.22823          -32.3678      2.40846      1.00001    0.0481692
5.23624          -32.0255      2.50533      1.00001    0.0501066
5.24424          -31.6966      2.60206      1.00001    0.0520412
5.25225          -31.3803      2.69865      1.00001    0.0539729
5.26026          -31.0755      2.79509      1.00001    0.0559019
5.26827          -30.7815      2.89140      1.00001    0.0578280
5.27628          -30.4976      2.98757      1.00001    0.0597513
5.28428          -30.2230      3.08359      1.00001    0.0616719
5.29229          -29.9573      3.17948      1.00001    0.0635897
5.30030          -29.6998      3.27524      1.00001    0.0655047
5.30831          -29.4502      3.37085      1.00001    0.0674170
5.31632          -29.2078      3.46633      1.00001    0.0693266
5.32432          -28.9725      3.56167      1.00001    0.0712334
5.33233          -28.7436      3.65688      1.00001    0.0731376
5.34034          -28.5210      3.75195      1.00001    0.0750390
5.34835          -28.3043      3.84689      1.00001    0.0769378
5.35636          -28.0931      3.94169      1.00001    0.0788339
5.36436          -27.8873      4.03637      1.00001    0.0807273
5.37237          -27.6865      4.13091      1.00001    0.0826181
5.38038          -27.4906      4.22532      1.00001    0.0845063
5.38839          -27.2993      4.31959      1.00001    0.0863919
5.39640          -27.1123      4.41374      1.00001    0.0882748
5.40440          -26.9296      4.50776      1.00001    0.0901551
5.41241          -26.7510      4.60164      1.00001    0.0920329
5.42042          -26.5761      4.69540      1.00001    0.0939081
5.42843          -26.4050      4.78903      1.00001    0.0957807
5.43644          -26.2375      4.88254      1.00001    0.0976507
5.44444          -26.0733      4.97591      1.00001    0.0995183
5.45245          -25.9125      5.06916      1.00001     0.101383
5.46046          -25.7547      5.16229      1.00001     0.103246
5.46847          -25.6001      5.25528      1.00001     0.105106
5.47648          -25.4483      5.34816      1.00001     0.106963
5.48448          -25.2994      5.44091      1.00001     0.108818
5.49249          -25.1533      5.53353      1.00001     0.110671
5.50050          -25.0097      5.62603      1.00001     0.112521
5.50851          -24.8687      5.71841      1.00001     0.114368
5.51652          -24.7301      5.81067      1.00001     0.116213
5.52452          -24.5940      5.90281      1.00001     0.118056
5.53253          -24.4601      5.99482      1.00001     0.119896
5.54054          -24.3284      6.08672      1.00001     0.121734
5.54855          -24.1989      6.17849      1.00001     0.123570
5.55656          -24.0715      6.27015      1.00001     0.125403
5.56456          -23.9461      6.36168      1.00001     0.127234
5.57257          -23.8227      6.45310      1.00001     0.129062
5.58058          -23.7012      6.54440      1.00001     0.130888
5.58859          -23.5815      6.63558      1.00001     0.132712
5.59660          -23.4637      6.72664      1.00001     0.134533
5.60460          -23.3475      6.81759      1.00001     0.136352
5.61261          -23.2331      6.90843      1.00001     0.138169
5.62062          -23.1204      6.99914      1.00001     0.139983
5.62863          -23.0092      7.08975      1.00001     0.141795
5.63664          -22.8996      7.18023      1.00001     0.143605
5.64464          -22.7915      7.27061      1.00001     0.145412
5.65265          -22.6849      7.36087      1.00001     0.147217
5.66066          -22.5798      7.45101      1.00001     0.149020
5.66867          -22.4760      7.54105      1.00001     0.150821
5.67668          -22.3737      7.63097      1.00001     0.152619
5.68468          -22.2726      7.72078      1.00001     0.154416
5.69269          -22.1729      7.81048      1.00001     0.156210
5.70070          -22.0744      7.90007      1.00001     0.158001
5.70871          -21.9772      7.98955      1.00001     0.159791
5.71672          -21.8812      8.07892      1.00001     0.161578
5.72472          -21.7864      8.16818      1.00001     0.163364
5.73273          -21.6927      8.25733      1.00001     0.165147
5.74074          -21.6002      8.34637      1.00001     0.166927
5.74875          -21.5088      8.43531      1.00001     0.168706
5.75676          -21.4185      8.52414      1.00001     0.170483
5.76476          -21.3292      8.61286      1.00001     0.172257
5.77277          -21.2409      8.70147      1.00001     0.174029
5.78078          -21.1537      8.78998      1.00001     0.175800
5.78879          -21.0675      8.87838      1.00001     0.177568
5.79680          -20.9822      8.96668      1.00001     0.179334
5.80480          -20.8978      9.05487      1.00001     0.181097
5.81281          -20.8144      9.14296      1.00001     0.182859
5.82082          -20.7320      9.23094      1.00001     0.184619
5.82883          -20.6504      9.31882      1.00001     0.186376
5.83684          -20.5696      9.40660      1.00001     0.188132
5.84484          -20.4898      9.49427      1.00001     0.189885
5.85285          -20.4107      9.58185      1.00001     0.191637
5.86086          -20.3325      9.66932      1.00001     0.193386
5.86887          -20.2551      9.75669      1.00001     0.195134
5.87688          -20.1785      9.84396      1.00001     0.196879
5.88488          -20.1027      9.93112      1.00001     0.198622
5.89289          -20.0276      10.0182      1.00001     0.200364
5.90090          -19.9533      10.1052      1.00001     0.202103
5.90891          -19.8797      10.1920      1.00001     0.203841
5.91692          -19.8068      10.2788      1.00001     0.205576
5.92492          -19.7347      10.3655      1.00001     0.207309
5.93293          -19.6632      10.4520      1.00001     0.209041
5.94094          -19.5924      10.5385      1.00001     0.210770
5.94895          -19.5223      10.6249      1.00001     0.212498
5.95696          -19.4528      10.7112      1.00001     0.214223
5.96496          -19.3840      10.7974      1.00001     0.215947
5.97297          -19.3158      10.8834      1.00001     0.217669
5.98098          -19.2483      10.9694      1.00001     0.219389
5.98899          -19.1814      11.0553      1.00001     0.221107
5.99700          -19.1150      11.1411      1.00001     0.222823
6.00501          -19.0493      11.2268      1.00001     0.224537
6.01301          -18.9841      11.3125      1.00001     0.226249
6.02102          -18.9195      11.3980      1.00001     0.227960
6.02903          -18.8555      11.4834      1.00001     0.229668
6.03704          -18.7921      11.5687      1.00001     0.231375
6.04505          -18.7291      11.6540      1.00001     0.233079
6.05305          -18.6668      11.7391      1.00001     0.234782
6.06106          -18.6049      11.8242      1.00001     0.236484
6.06907          -18.5436      11.9091      1.00001     0.238183
6.07708          -18.4828      11.9940      1.00001     0.239880
6.08509          -18.4225      12.0788      1.00001     0.241576
6.09309          -18.3627      12.1635      1.00001     0.243270
6.10110          -18.3033      12.2481      1.00001     0.244962
6.10911          -18.2445      12.3326      1.00001     0.246652
6.11712          -18.1861      12.4170      1.00001     0.248340
6.12513          -18.1282      12.5013      1.00001     0.250027
6.13313          -18.0708      12.5856      1.00001     0.251712
6.14114          -18.0138      12.6697      1.00001     0.253395
6.14915          -17.9573      12.7538      1.00001     0.255076
6.15716          -17.9012      12.8378      1.00001     0.256756
6.16517          -17.8456      12.9217      1.00001     0.258434
6.17317          -17.7903      13.0055      1.00001     0.260110
6.18118          -17.7355      13.0892      1.00001     0.261784
6.18919          -17.6812      13.1728      1.00001     0.263457
6.19720          -17.6272      13.2564      1.00001     0.265128
6.20521          -17.5736      13.3398      1.00001     0.266797
6.21321          -17.5205      13.4232      1.00001     0.268464
6.22122          -17.4677      13.5065      1.00001     0.270130
6.22923          -17.4153      13.5897      1.00001     0.271794
6.23724          -17.3633      13.6728      1.00001     0.273456
6.24525          -17.3117      13.7559      1.00001     0.275117
6.25325          -17.2604      13.8388      1.00001     0.276776
6.26126          -17.2096      13.9217      1.00001     0.278433
6.26927          -17.1591      14.0045      1.00001     0.280089
6.27728          -17.1089      14.0872      1.00001     0.281743
6.28529          -17.0591      14.1698      1.00001     0.283396
6.29329          -17.0097      14.2523      1.00001     0.285046
6.30130          -16.9606      14.3348      1.00001     0.286695
6.30931          -16.9118      14.4171      1.00001     0.288343
6.31732          -16.8634      14.4994      1.00001     0.289989
6.32533          -16.8153      14.5816      1.00001     0.291633
6.33333          -16.7675      14.6638      1.00001     0.293276
6.34134          -16.7201      14.7458      1.00001     0.294917
6.34935          -16.6729      14.8278      1.00001     0.296556
6.35736          -16.6261      14.9097      1.00001     0.298194
6.36537          -16.5797      14.9915      1.00001     0.299830
6.37337          -16.5335      15.0732      1.00001     0.301465
6.38138          -16.4876      15.1549      1.00001     0.303098
6.38939          -16.4420      15.2365      1.00001     0.304729
6.39740          -16.3967      15.3180      1.00001     0.306359
6.40541          -16.3518      15.3994      1.00001     0.307987
6.41341          -16.3071      15.4807      1.00001     0.309614
6.42142          -16.2627      15.5620      1.00001     0.311240
6.42943          -16.2185      15.6432      1.00001     0.312863
6.43744          -16.1747      15.7243      1.00001     0.314485
6.44545          -16.1311      15.8053      1.00001     0.316106
6.45345          -16.0878      15.8863      1.00001     0.317725
6.46146          -16.0448      15.9671      1.00001     0.319343
6.46947          -16.0021      16.0479      1.00001     0.320959
6.47748          -15.9596      16.1287      1.00001     0.322574
6.48549          -15.9174      16.2093      1.00001     0.324187
6.49349          -15.8754      16.2899      1.00001     0.325798
6.50150          -15.8337      16.3704      1.00001     0.327408
6.50951          -15.7922      16.4508      1.00001     0.329017
6.51752          -15.7510      16.5312      1.00001     0.330624
6.52553          -15.7101      16.6115      1.00001     0.332230
6.53353          -15.6694      16.6917      1.00001     0.333834
6.54154          -15.6289      16.7718      1.00001     0.335437
6.54955          -15.5887      16.8519      1.00001     0.337038
6.55756          -15.5487      16.9319      1.00001     0.338638
6.56557          -15.5089      17.0118      1.00001     0.340236
6.57357          -15.4694      17.0917      1.00001     0.341833
6.58158          -15.4301      17.1714      1.00001     0.343429
6.58959          -15.3910      17.2511      1.00001     0.345023
6.59760          -15.3522      17.3308      1.00001     0.346615
6.60561          -15.3136      17.4103      1.00001     0.348206
6.61361          -15.2752      17.4898      1.00001     0.349796
6.62162          -15.2370      17.5692      1.00001     0.351385
6.62963          -15.1990      17.6486      1.00001     0.352972
6.63764          -15.1613      17.7279      1.00001     0.354557
6.64565          -15.1238      17.8071      1.00001     0.356141
6.65365          -15.0864      17.8862      1.00001     0.357724
6.66166          -15.0493      17.9653      1.00001     0.359306
6.66967          -15.0124      18.0443      1.00001     0.360886
6.67768          -14.9757      18.1232      1.00001     0.362464
6.68569          -14.9392      18.2021      1.00001     0.364041
6.69369          -14.9029      18.2809      1.00001     0.365617
6.70170          -14.8667      18.3596      1.00001     0.367192
6.70971          -14.8308      18.4383      1.00001     0.368765
6.71772          -14.7951      18.5168      1.00001     0.370337
6.72573          -14.7596      18.5954      1.00001     0.371907
6.73373          -14.7242      18.6738      1.00001     0.373477
6.74174          -14.6891      18.7522      1.00001     0.375044
6.74975          -14.6541      18.8305      1.00001     0.376611
6.75776          -14.6193      18.9088      1.00001     0.378176
6.76577          -14.5847      18.9870      1.00001     0.379740
6.77377          -14.5503      19.0651      1.00001     0.381302
6.78178          -14.5161      19.1432      1.00001     0.382864
6.78979          -14.4820      19.2212      1.00001     0.384423
6.79780          -14.4481      19.2991      1.00001     0.385982
6.80581          -14.4144      19.3770      1.00001     0.387539
6.81381          -14.3809      19.4548      1.00001     0.389095
6.82182          -14.3475      19.5325      1.00001     0.390650
6.82983          -14.3143      19.6102      1.00001     0.392203
6.83784          -14.2813      19.6878      1.00001     0.393756
6.84585          -14.2484      19.7653      1.00001     0.395306
6.85385          -14.2157      19.8428      1.00001     0.396856
6.86186          -14.1832      19.9202      1.00001     0.398404
6.86987          -14.1508      19.9976      1.00001     0.399951
6.87788          -14.1186      20.0749      1.00001     0.401497
6.88589          -14.0865      20.1521      1.00001     0.403042
6.89389          -14.0546      20.2292      1.00001     0.404585
6.90190          -14.0229      20.3064      1.00001     0.406127
6.90991          -13.9913      20.3834      1.00001     0.407668
6.91792          -13.9599      20.4604      1.00001     0.409207
6.92593          -13.9286      20.5373      1.00001     0.410746
6.93393          -13.8975      20.6141      1.00001     0.412283
6.94194          -13.8665      20.6909      1.00001     0.413819
6.94995          -13.8357      20.7677      1.00001     0.415353
6.95796          -13.8050      20.8443      1.00001     0.416887
6.96597          -13.7744      20.9209      1.00001     0.418419
6.97397          -13.7441      20.9975      1.00001     0.419950
6.98198          -13.7138      21.0740      1.00001     0.421480
6.98999          -13.6837      21.1504      1.00001     0.423008
6.99800          -13.6537      21.2268      1.00001     0.424536
7.00601          -13.6239      21.3031      1.00001     0.426062
7.01401          -13.5942      21.3794      1.00001     0.427587
7.02202          -13.5647      21.4555      1.00001     0.429111
7.03003          -13.5353      21.5317      1.00001     0.430634
7.03804          -13.5060      21.6078      1.00001     0.432155
7.04605          -13.4769      21.6838      1.00001     0.433676
7.05405          -13.4479      21.7597      1.00001     0.435195
7.06206          -13.4190      21.8356      1.00001     0.436713
7.07007          -13.3903      21.9115      1.00001     0.438230
7.07808          -13.3616      21.9873      1.00001     0.439745
7.08609          -13.3332      22.0630      1.00001     0.441260
7.09409          -13.3048      22.1387      1.00001     0.442773
7.10210          -13.2766      22.2143      1.00001     0.444285
7.11011          -13.2485      22.2898      1.00001     0.445796
7.11812          -13.2205      22.3653      1.00001     0.447306
7.12613          -13.1927      22.4408      1.00001     0.448815
7.13413          -13.1649      22.5162      1.00001     0.450323
7.14214          -13.1373      22.5915      1.00001     0.451830
7.15015          -13.1098      22.6668      1.00001     0.453335
7.15816          -13.0825      22.7420      1.00001     0.454839
7.16617          -13.0552      22.8171      1.00001     0.456343
7.17417          -13.0281      22.8922      1.00001     0.457845
7.18218          -13.0011      22.9673      1.00001     0.459346
7.19019          -12.9742      23.0423      1.00001     0.460846
7.19820          -12.9474      23.1172      1.00001     0.462345
7.20621          -12.9208      23.1921      1.00001     0.463842
7.21421          -12.8942      23.2669      1.00001     0.465339
7.22222          -12.8678      23.3417      1.00001     0.466834
7.23023          -12.8414      23.4164      1.00001     0.468329
7.23824          -12.8152      23.4911      1.00001     0.469822
7.24625          -12.7891      23.5657      1.00001     0.471315
7.25425          -12.7631      23.6403      1.00001     0.472806
7.26226          -12.7373      23.7148      1.00001     0.474296
7.27027          -12.7115      23.7893      1.00001     0.475785
7.27828          -12.6858      23.8637      1.00001     0.477273
7.28629          -12.6603      23.9380      1.00001     0.478760
7.29429          -12.6348      24.0123      1.00001     0.480246
7.30230          -12.6095      24.0865      1.00001     0.481731
7.31031          -12.5842      24.1607      1.00001     0.483215
7.31832          -12.5591      24.2349      1.00001     0.484698
7.32633          -12.5340      24.3090      1.00001     0.486179
7.33433          -12.5091      24.3830      1.00001     0.487660
7.34234          -12.4843      24.4570      1.00001     0.489140
7.35035          -12.4595      24.5309      1.00001     0.490618
7.35836          -12.4349      24.6048      1.00001     0.492096
7.36637          -12.4104      24.6786      1.00001     0.493572
7.37437          -12.3859      24.7524      1.00001     0.495048
7.38238          -12.3616      24.8261      1.00001     0.496523
7.39039          -12.3374      24.8998      1.00001     0.497996
7.39840          -12.3132      24.9734      1.00001     0.499469
7.40641          -12.2892      25.0470      1.00001     0.500940
7.41441          -12.2652      25.1205      1.00001     0.502411
7.42242          -12.2414      25.1940      1.00001     0.503880
7.43043          -12.2176      25.2674      1.00001     0.505349
7.43844          -12.1939      25.3408      1.00001     0.506816
7.44645          -12.1703      25.4141      1.00001     0.508283
7.45445          -12.1469      25.4874      1.00001     0.509748
7.46246          -12.1235      25.5606      1.00001     0.511213
7.47047          -12.1002      25.6338      1.00001     0.512676
7.47848          -12.0769      25.7069      1.00001     0.514139
7.48649          -12.0538      25.7800      1.00001     0.515600
7.49449          -12.0308      25.8530      1.00001     0.517061
7.50250          -12.0078      25.9260      1.00001     0.518521
7.51051          -11.9850      25.9990      1.00001     0.519979
7.51852          -11.9622      26.0719      1.00001     0.521437
7.52653          -11.9395      26.1447      1.00001     0.522894
7.53453          -11.9169      26.2175      1.00001     0.524350
7.54254          -11.8944      26.2902      1.00001     0.525805
7.55055          -11.8720      26.3629      1.00001     0.527258
7.55856          -11.8496      26.4356      1.00001     0.528711
7.56657          -11.8274      26.5082      1.00001     0.530163
7.57457          -11.8052      26.5807      1.00001     0.531614
7.58258          -11.7831      26.6532      1.00001     0.533065
7.59059          -11.7611      26.7257      1.00001     0.534514
7.59860          -11.7391      26.7981      1.00001     0.535962
7.60661          -11.7173      26.8705      1.00001     0.537409
7.61461          -11.6955      26.9428      1.00001     0.538856
7.62262          -11.6738      27.0151      1.00001     0.540301
7.63063          -11.6522      27.0873      1.00001     0.541746
7.63864          -11.6307      27.1595      1.00001     0.543189
7.64665          -11.6092      27.2316      1.00001     0.544632
7.65465          -11.5879      27.3037      1.00001     0.546074
7.66266          -11.5666      27.3757      1.00001     0.547515
7.67067          -11.5453      27.4477      1.00001     0.548955
7.67868          -11.5242      27.5197      1.00001     0.550394
7.68669          -11.5031      27.5916      1.00001     0.551832
7.69469          -11.4821      27.6635      1.00001     0.553269
7.70270          -11.4612      27.7353      1.00001     0.554706
7.71071          -11.4404      27.8071      1.00001     0.556141
7.71872          -11.4196      27.8788      1.00001     0.557576
7.72673          -11.3989      27.9505      1.00001     0.559010
7.73473          -11.3783      28.0221      1.00001     0.560442
7.74274          -11.3578      28.0937      1.00001     0.561874
7.75075          -11.3373      28.1653      1.00001     0.563305
7.75876          -11.3169      28.2368      1.00001     0.564736
7.76677          -11.2966      28.3082      1.00001     0.566165
7.77477          -11.2763      28.3797      1.00001     0.567593
7.78278          -11.2561      28.4510      1.00001     0.569021
7.79079          -11.2360      28.5224      1.00001     0.570448
7.79880          -11.2159      28.5937      1.00001     0.571874
7.80681          -11.1960      28.6649      1.00001     0.573298
7.81481          -11.1761      28.7361      1.00001     0.574723
7.82282          -11.1562      28.8073      1.00001     0.576146
7.83083          -11.1364      28.8784      1.00001     0.577568
7.83884          -11.1167      28.9495      1.00001     0.578990
7.84685          -11.0971      29.0205      1.00001     0.580411
7.85485          -11.0775      29.0915      1.00001     0.581830
7.86286          -11.0580      29.1625      1.00001     0.583250
7.87087          -11.0386      29.2334      1.00001     0.584668
7.87888          -11.0192      29.3043      1.00001     0.586085
7.88689          -10.9999      29.3751      1.00001     0.587502
7.89489          -10.9807      29.4459      1.00001     0.588917
7.90290          -10.9615      29.5166      1.00001     0.590332
7.91091          -10.9424      29.5873      1.00001     0.591746
7.91892          -10.9233      29.6580      1.00001     0.593159
7.92693          -10.9043      29.7286      1.00001     0.594572
7.93493          -10.8854      29.7992      1.00001     0.595983
7.94294          -10.8666      29.8697      1.00001     0.597394
7.95095          -10.8478      29.9402      1.00001     0.598804
7.95896          -10.8290      30.0107      1.00001     0.600213
7.96697          -10.8104      30.0811      1.00001     0.601621
7.97497          -10.7918      30.1515      1.00001     0.603029
7.98298          -10.7732      30.2218      1.00001     0.604436
7.99099          -10.7547      30.2921      1.00001     0.605842
7.99900          -10.7363      30.3623      1.00001     0.607247
8.00701          -10.7179      30.4326      1.00001     0.608651
8.01502          -10.6996      30.5027      1.00001     0.610055
8.02302          -10.6814      30.5729      1.00001     0.611457
8.03103          -10.6632      30.6430      1.00001     0.612859
8.03904          -10.6451      30.7130      1.00001     0.614260
8.04705          -10.6270      30.7830      1.00001     0.615661
8.05506          -10.6090      30.8530      1.00001     0.617060
8.06306          -10.5910      30.9229      1.00001     0.618459
8.07107          -10.5731      30.9929      1.00001     0.619857
8.07908          -10.5553      31.0627      1.00001     0.621254
8.08709          -10.5375      31.1325      1.00001     0.622651
8.09510          -10.5198      31.2023      1.00001     0.624046
8.10310          -10.5021      31.2721      1.00001     0.625441
8.11111          -10.4845      31.3418      1.00001     0.626835
8.11912          -10.4669      31.4114      1.00001     0.628229
8.12713          -10.4494      31.4811      1.00001     0.629621
8.13514          -10.4320      31.5507      1.00001     0.631013
8.14314          -10.4146      31.6202      1.00001     0.632404
8.15115          -10.3973      31.6897      1.00001     0.633795
8.15916          -10.3800      31.7592      1.00001     0.635184
8.16717          -10.3627      31.8287      1.00001     0.636573
8.17518          -10.3456      31.8981      1.00001     0.637961
8.18318          -10.3284      31.9674      1.00001     0.639349
8.19119          -10.3114      32.0368      1.00001     0.640735
8.19920          -10.2944      32.1061      1.00001     0.642121
8.20721          -10.2774      32.1753      1.00001     0.643506
8.21522          -10.2605      32.2445      1.00001     0.644891
8.22322          -10.2436      32.3137      1.00001     0.646274
8.23123          -10.2268      32.3829      1.00001     0.647657
8.23924          -10.2101      32.4520      1.00001     0.649039
8.24725          -10.1934      32.5210      1.00001     0.650421
8.25526          -10.1767      32.5901      1.00001     0.651801
8.26326          -10.1601      32.6591      1.00001     0.653181
8.27127          -10.1436      32.7280      1.00001     0.654561
8.27928          -10.1270      32.7970      1.00001     0.655939
8.28729          -10.1106      32.8659      1.00001     0.657317
8.29530          -10.0942      32.9347      1.00001     0.658694
8.30330          -10.0778      33.0035      1.00001     0.660071
8.31131          -10.0615      33.0723      1.00001     0.661446
8.31932          -10.0453      33.1411      1.00001     0.662821
8.32733          -10.0291      33.2098      1.00001     0.664195
8.33534          -10.0129      33.2785      1.00001     0.665569
8.34334          -9.99681      33.3471      1.00001     0.666942
8.35135          -9.98074      33.4157      1.00001     0.668314
8.35936          -9.96473      33.4843      1.00001     0.669685
8.36737          -9.94876      33.5528      1.00001     0.671056
8.37538          -9.93284      33.6213      1.00001     0.672426
8.38338          -9.91697      33.6898      1.00001     0.673796
8.39139          -9.90115      33.7582      1.00001     0.675164
8.39940          -9.88537      33.8266      1.00001     0.676532
8.40741          -9.86963      33.8950      1.00001     0.677900
8.41542          -9.85395      33.9633      1.00001     0.679266
8.42342          -9.83831      34.0316      1.00001     0.680632
8.43143          -9.82271      34.0999      1.00001     0.681997
8.43944          -9.80716      34.1681      1.00001     0.683362
8.44745          -9.79166      34.2363      1.00001     0.684726
8.45546          -9.77620      34.3044      1.00001     0.686089
8.46346          -9.76078      34.3726      1.00001     0.687451
8.47147          -9.74541      34.4407      1.00001     0.688813
8.47948          -9.73009      34.5087      1.00001     0.690174
8.48749          -9.71481      34.5767      1.00001     0.691535
8.49550          -9.69957      34.6447      1.00001     0.692895
8.50350          -9.68437      34.7127      1.00001     0.694254
8.51151          -9.66922      34.7806      1.00001     0.695612
8.51952          -9.65412      34.8485      1.00001     0.696970
8.52753          -9.63905      34.9164      1.00001     0.698327
8.53554          -9.62403      34.9842      1.00001     0.699684
8.54354          -9.60905      35.0520      1.00001     0.701040
8.55155          -9.59412      35.1197      1.00001     0.702395
8.55956          -9.57922      35.1875      1.00001     0.703749
8.56757          -9.56437      35.2552      1.00001     0.705103
8.57558          -9.54956      35.3228      1.00001     0.706457
8.58358          -9.53479      35.3905      1.00001     0.707809
8.59159          -9.52007      35.4581      1.00001     0.709161
8.59960          -9.50538      35.5256      1.00001     0.710513
8.60761          -9.49074      35.5932      1.00001     0.711863
8.61562          -9.47613      35.6607      1.00001     0.713213
8.62362          -9.46157      35.7281      1.00001     0.714563
8.63163          -9.44705      35.7956      1.00001     0.715911
8.63964          -9.43257      35.8630      1.00001     0.717260
8.64765          -9.41812      35.9304      1.00001     0.718607
8.65566          -9.40372      35.9977      1.00001     0.719954
8.66366          -9.38936      36.0650      1.00001     0.721300
8.67167          -9.37504      36.1323      1.00001     0.722646
8.67968          -9.36075      36.1995      1.00001     0.723991
8.68769          -9.34651      36.2668      1.00001     0.725335
8.69570          -9.33231      36.3339      1.00001     0.726679
8.70370          -9.31814      36.4011      1.00001     0.728022
8.71171          -9.30401      36.4682      1.00001     0.729364
8.71972          -9.28993      36.5353      1.00001     0.730706
8.72773          -9.27588      36.6024      1.00001     0.732048
8.73574          -9.26186      36.6694      1.00001     0.733388
8.74374          -9.24789      36.7364      1.00001     0.734728
8.75175          -9.23395      36.8034      1.00001     0.736068
8.75976          -9.22006      36.8703      1.00001     0.737406
8.76777          -9.20619      36.9372      1.00001     0.738745
8.77578          -9.19237      37.0041      1.00001     0.740082
8.78378          -9.17859      37.0710      1.00001     0.741419
8.79179          -9.16484      37.1378      1.00001     0.742756
8.79980          -9.15112      37.2046      1.00001     0.744091
8.80781          -9.13745      37.2713      1.00001     0.745427
8.81582          -9.12381      37.3381      1.00001     0.746761
8.82382          -9.11021      37.4048      1.00001     0.748095
8.83183          -9.09664      37.4714      1.00001     0.749429
8.83984          -9.08311      37.5381      1.00001     0.750761
8.84785          -9.06962      37.6047      1.00001     0.752094
8.85586          -9.05616      37.6713      1.00001     0.753425
8.86386          -9.04273      37.7378      1.00001     0.754756
8.87187          -9.02935      37.8043      1.00001     0.756087
8.87988          -9.01599      37.8708      1.00001     0.757417
8.88789          -9.00268      37.9373      1.00001     0.758746
8.89590          -8.98939      38.0037      1.00001     0.760075
8.90390          -8.97615      38.0701      1.00001     0.761403
8.91191          -8.96293      38.1365      1.00001     0.762730
8.91992          -8.94975      38.2029      1.00001     0.764057
8.92793          -8.93661      38.2692      1.00001     0.765384
8.93594          -8.92350      38.3355      1.00001     0.766710
8.94394          -8.91043      38.4017      1.00001     0.768035
8.95195          -8.89738      38.4680      1.00001     0.769360
8.95996          -8.88438      38.5342      1.00001     0.770684
8.96797          -8.87140      38.6004      1.00001     0.772007
8.97598          -8.85846      38.6665      1.00001     0.773330
8.98398          -8.84555      38.7326      1.00001     0.774653
8.99199          -8.83268      38.7987      1.00001     0.775974
9.00000          -8.81984      38.8648      1.00001     0.777296
